VERSION:1

1	0	中国	0	0
2	1	北京	1	0
3	1	天津	1	0
4	1	河北	1	0
5	1	山西	1	0
6	1	内蒙古	1	0
7	1	辽宁	1	0
8	1	吉林	1	0
9	1	黑龙江	1	0
10	1	上海	1	0
11	1	江苏	1	0
12	1	浙江	1	0
13	1	安徽	1	0
14	1	福建	1	0
15	1	江西	1	0
16	1	山东	1	0
17	1	河南	1	0
18	1	湖北	1	0
19	1	湖南	1	0
20	1	广东	1	0
21	1	广西	1	0
22	1	海南	1	0
23	1	重庆	1	0
24	1	四川	1	0
25	1	贵州	1	0
26	1	云南	1	0
27	1	西藏	1	0
28	1	陕西	1	0
29	1	甘肃	1	0
30	1	青海	1	0
31	1	宁夏	1	0
32	1	新疆	1	0
33	1	香港	1	0
34	1	澳门	1	0
35	1	台湾	1	0
36	2	北京市	2	0
37	3	天津市	2	0
38	4	石家庄市	2	0
39	4	唐山市	2	0
40	4	秦皇岛市	2	0
41	4	邯郸市	2	0
42	4	邢台市	2	0
43	4	保定市	2	0
44	4	张家口市	2	0
45	4	承德市	2	0
46	4	沧州市	2	0
47	4	廊坊市	2	0
48	4	衡水市	2	0
49	5	太原市	2	0
50	5	大同市	2	0
51	5	阳泉市	2	0
52	5	长治市	2	0
53	5	晋城市	2	0
54	5	朔州市	2	0
55	5	晋中市	2	0
56	5	运城市	2	0
57	5	忻州市	2	0
58	5	临汾市	2	0
59	5	吕梁市	2	0
60	6	呼和浩特市	2	0
61	6	包头市	2	0
62	6	乌海市	2	0
63	6	赤峰市	2	0
64	6	通辽市	2	0
65	6	鄂尔多斯市	2	0
66	6	呼伦贝尔市	2	0
67	6	巴彦淖尔市	2	0
68	6	乌兰察布市	2	0
69	6	兴安盟	2	0
70	6	锡林郭勒盟	2	0
71	6	阿拉善盟	2	0
72	7	沈阳市	2	0
73	7	大连市	2	0
74	7	鞍山市	2	0
75	7	抚顺市	2	0
76	7	本溪市	2	0
77	7	丹东市	2	0
78	7	锦州市	2	0
79	7	营口市	2	0
80	7	阜新市	2	0
81	7	辽阳市	2	0
82	7	盘锦市	2	0
83	7	铁岭市	2	0
84	7	朝阳市	2	0
85	7	葫芦岛市	2	0
86	8	长春市	2	0
87	8	吉林市	2	0
88	8	四平市	2	0
89	8	辽源市	2	0
90	8	通化市	2	0
91	8	白山市	2	0
92	8	松原市	2	0
93	8	白城市	2	0
94	8	延边朝鲜族自治州	2	0
95	9	哈尔滨市	2	0
96	9	齐齐哈尔市	2	0
97	9	鸡西市	2	0
98	9	鹤岗市	2	0
99	9	双鸭山市	2	0
100	9	大庆市	2	0
101	9	伊春市	2	0
102	9	佳木斯市	2	0
103	9	七台河市	2	0
104	9	牡丹江市	2	0
105	9	黑河市	2	0
106	9	绥化市	2	0
107	9	大兴安岭地区	2	0
108	10	上海市	2	0
109	11	南京市	2	0
110	11	无锡市	2	0
111	11	徐州市	2	0
112	11	常州市	2	0
113	11	苏州市	2	0
114	11	南通市	2	0
115	11	连云港市	2	0
116	11	淮安市	2	0
117	11	盐城市	2	0
118	11	扬州市	2	0
119	11	镇江市	2	0
120	11	泰州市	2	0
121	11	宿迁市	2	0
122	12	杭州市	2	0
123	12	宁波市	2	0
124	12	温州市	2	0
125	12	嘉兴市	2	0
126	12	湖州市	2	0
127	12	绍兴市	2	0
128	12	金华市	2	0
129	12	衢州市	2	0
130	12	舟山市	2	0
131	12	台州市	2	0
132	12	丽水市	2	0
133	13	合肥市	2	0
134	13	芜湖市	2	0
135	13	蚌埠市	2	0
136	13	淮南市	2	0
137	13	马鞍山市	2	0
138	13	淮北市	2	0
139	13	铜陵市	2	0
140	13	安庆市	2	0
141	13	黄山市	2	0
142	13	滁州市	2	0
143	13	阜阳市	2	0
144	13	宿州市	2	0
145	13	巢湖市	2	0
146	13	六安市	2	0
147	13	亳州市	2	0
148	13	池州市	2	0
149	13	宣城市	2	0
150	14	福州市	2	0
151	14	厦门市	2	0
152	14	莆田市	2	0
153	14	三明市	2	0
154	14	泉州市	2	0
155	14	漳州市	2	0
156	14	南平市	2	0
157	14	龙岩市	2	0
158	14	宁德市	2	0
159	15	南昌市	2	0
160	15	景德镇市	2	0
161	15	萍乡市	2	0
162	15	九江市	2	0
163	15	新余市	2	0
164	15	鹰潭市	2	0
165	15	赣州市	2	0
166	15	吉安市	2	0
167	15	宜春市	2	0
168	15	抚州市	2	0
169	15	上饶市	2	0
170	16	济南市	2	0
171	16	青岛市	2	0
172	16	淄博市	2	0
173	16	枣庄市	2	0
174	16	东营市	2	0
175	16	烟台市	2	0
176	16	潍坊市	2	0
177	16	济宁市	2	0
178	16	泰安市	2	0
179	16	威海市	2	0
180	16	日照市	2	0
181	16	莱芜市	2	0
182	16	临沂市	2	0
183	16	德州市	2	0
184	16	聊城市	2	0
185	16	滨州市	2	0
186	16	菏泽市	2	0
187	17	郑州市	2	0
188	17	开封市	2	0
189	17	洛阳市	2	0
190	17	平顶山市	2	0
191	17	安阳市	2	0
192	17	鹤壁市	2	0
193	17	新乡市	2	0
194	17	焦作市	2	0
195	17	济源市	2	0
196	17	濮阳市	2	0
197	17	许昌市	2	0
198	17	漯河市	2	0
199	17	三门峡市	2	0
200	17	南阳市	2	0
201	17	商丘市	2	0
202	17	信阳市	2	0
203	17	周口市	2	0
204	17	驻马店市	2	0
205	18	武汉市	2	0
206	18	黄石市	2	0
207	18	十堰市	2	0
208	18	宜昌市	2	0
209	18	襄阳市	2	0
210	18	鄂州市	2	0
211	18	荆门市	2	0
212	18	孝感市	2	0
213	18	荆州市	2	0
214	18	黄冈市	2	0
215	18	咸宁市	2	0
216	18	随州市	2	0
217	18	恩施土家族苗族自治州	2	0
218	18	省直辖县级行政单位	2	0
219	19	长沙市	2	0
220	19	株洲市	2	0
221	19	湘潭市	2	0
222	19	衡阳市	2	0
223	19	邵阳市	2	0
224	19	岳阳市	2	0
225	19	常德市	2	0
226	19	张家界市	2	0
227	19	益阳市	2	0
228	19	郴州市	2	0
229	19	永州市	2	0
230	19	怀化市	2	0
231	19	娄底市	2	0
232	19	湘西土家族苗族自治州	2	0
233	20	广州市	2	0
234	20	韶关市	2	0
235	20	深圳市	2	0
236	20	珠海市	2	0
237	20	汕头市	2	0
238	20	佛山市	2	0
239	20	江门市	2	0
240	20	湛江市	2	0
241	20	茂名市	2	0
242	20	肇庆市	2	0
243	20	惠州市	2	0
244	20	梅州市	2	0
245	20	汕尾市	2	0
246	20	河源市	2	0
247	20	阳江市	2	0
248	20	清远市	2	0
249	20	潮州市	2	0
250	20	揭阳市	2	0
251	20	云浮市	2	0
252	20	东莞市	2	0
253	20	中山市	2	0
254	21	南宁市	2	0
255	21	柳州市	2	0
256	21	桂林市	2	0
257	21	梧州市	2	0
258	21	北海市	2	0
259	21	防城港市	2	0
260	21	钦州市	2	0
261	21	贵港市	2	0
262	21	玉林市	2	0
263	21	百色市	2	0
264	21	贺州市	2	0
265	21	河池市	2	0
266	21	来宾市	2	0
267	21	崇左市	2	0
268	22	海口市	2	0
269	22	省直辖县级行政单位	2	0
270	22	三亚市	2	0
271	23	重庆市	2	0
272	24	成都市	2	0
273	24	自贡市	2	0
274	24	攀枝花市	2	0
275	24	泸州市	2	0
276	24	德阳市	2	0
277	24	绵阳市	2	0
278	24	广元市	2	0
279	24	遂宁市	2	0
280	24	内江市	2	0
281	24	乐山市	2	0
282	24	南充市	2	0
283	24	眉山市	2	0
284	24	宜宾市	2	0
285	24	广安市	2	0
286	24	达州市	2	0
287	24	雅安市	2	0
288	24	巴中市	2	0
289	24	资阳市	2	0
290	24	阿坝藏族羌族自治州	2	0
291	24	甘孜藏族自治州	2	0
292	24	凉山彝族自治州	2	0
293	25	贵阳市	2	0
294	25	六盘水市	2	0
295	25	遵义市	2	0
296	25	安顺市	2	0
297	25	铜仁地区	2	0
298	25	黔西南布依族苗族自治州	2	0
299	25	毕节地区	2	0
300	25	黔东南苗族侗族自治州	2	0
301	25	黔南布依族苗族自治州	2	0
302	26	昆明市	2	0
303	26	曲靖市	2	0
304	26	玉溪市	2	0
305	26	保山市	2	0
306	26	昭通市	2	0
307	26	丽江市	2	0
308	26	普洱市	2	0
309	26	临沧市	2	0
310	26	楚雄彝族自治州	2	0
311	26	红河哈尼族彝族自治州	2	0
312	26	文山壮族苗族自治州	2	0
313	26	西双版纳傣族自治州	2	0
314	26	大理白族自治州	2	0
315	26	德宏傣族景颇族自治州	2	0
316	26	怒江傈僳族自治州	2	0
317	26	迪庆藏族自治州	2	0
318	27	拉萨市	2	0
319	27	昌都地区	2	0
320	27	山南地区	2	0
321	27	日喀则地区	2	0
322	27	那曲地区	2	0
323	27	阿里地区	2	0
324	27	林芝地区	2	0
325	28	西安市	2	0
326	28	铜川市	2	0
327	28	宝鸡市	2	0
328	28	咸阳市	2	0
329	28	渭南市	2	0
330	28	延安市	2	0
331	28	汉中市	2	0
332	28	榆林市	2	0
333	28	安康市	2	0
334	28	商洛市	2	0
335	29	兰州市	2	0
336	29	嘉峪关市	2	0
337	29	金昌市	2	0
338	29	白银市	2	0
339	29	天水市	2	0
340	29	武威市	2	0
341	29	张掖市	2	0
342	29	平凉市	2	0
343	29	酒泉市	2	0
344	29	庆阳市	2	0
345	29	定西市	2	0
346	29	陇南市	2	0
347	29	临夏回族自治州	2	0
348	29	甘南藏族自治州	2	0
349	30	西宁市	2	0
350	30	海东地区	2	0
351	30	海北藏族自治州	2	0
352	30	黄南藏族自治州	2	0
353	30	海南藏族自治州	2	0
354	30	果洛藏族自治州	2	0
355	30	玉树藏族自治州	2	0
356	30	海西蒙古族藏族自治州	2	0
357	31	银川市	2	0
358	31	石嘴山市	2	0
359	31	吴忠市	2	0
360	31	固原市	2	0
361	31	中卫市	2	0
362	32	乌鲁木齐市	2	0
363	32	克拉玛依市	2	0
364	32	吐鲁番地区	2	0
365	32	哈密地区	2	0
366	32	昌吉回族自治州	2	0
367	32	博尔塔拉蒙古自治州	2	0
368	32	巴音郭楞蒙古自治州	2	0
369	32	阿克苏地区	2	0
370	32	克孜勒苏柯尔克孜自治州	2	0
371	32	喀什地区	2	0
372	32	和田地区	2	0
373	32	伊犁哈萨克自治州	2	0
374	32	塔城地区	2	0
375	32	阿勒泰地区	2	0
376	32	省直辖县级行政单位	2	0
377	36	东城区	3	100010
378	36	西城区	3	100032
379	36	崇文区	3	100061
380	36	宣武区	3	100054
381	36	朝阳区	3	100020
382	36	丰台区	3	100071
383	36	石景山区	3	100043
384	36	海淀区	3	100089
385	36	门头沟区	3	102300
386	36	房山区	3	102488
387	36	通州区	3	101100
388	36	顺义区	3	101300
389	36	昌平区	3	102200
390	36	大兴区	3	102600
391	36	怀柔区	3	101400
392	36	平谷区	3	101200
393	36	密云县	3	101500
394	36	延庆县	3	102100
395	37	和平区	3	300041
396	37	河东区	3	300171
397	37	河西区	3	300202
398	37	南开区	3	300100
399	37	河北区	3	300143
400	37	红桥区	3	300131
401	37	塘沽区	3	300450
402	37	汉沽区	3	300480
403	37	大港区	3	300270
404	37	东丽区	3	300300
405	37	西青区	3	300380
406	37	津南区	3	300350
407	37	北辰区	3	300400
408	37	武清区	3	301700
409	37	宝坻区	3	301800
410	37	宁河县	3	301500
411	37	静海县	3	301600
412	37	蓟县	3	301900
413	37	保税区	3	300308
414	37	经济技术开发区	3	300457
415	37	高新区	3	300384
416	37	滨海新区	3	300457
417	38	长安区	3	050011
418	38	桥东区	3	050011
419	38	桥西区	3	050051
420	38	新华区	3	050051
421	38	井陉矿区	3	050100
422	38	裕华区	3	050081
423	38	井陉县	3	050300
424	38	正定县	3	050800
425	38	栾城县	3	051430
426	38	行唐县	3	050600
427	38	灵寿县	3	050500
428	38	高邑县	3	051330
429	38	深泽县	3	052560
430	38	赞皇县	3	051230
431	38	无极县	3	052400
432	38	平山县	3	050400
433	38	元氏县	3	051130
434	38	赵县	3	051530
435	38	辛集市	3	052300
436	38	藁城市	3	052160
437	38	晋州市	3	052200
438	38	新乐市	3	050700
439	38	鹿泉市	3	050200
440	38	高新技术开发区	3	050035
441	39	路南区	3	063017
442	39	路北区	3	063015
443	39	古冶区	3	063104
444	39	开平区	3	063021
445	39	丰南区	3	063300
446	39	丰润区	3	064000
447	39	滦县	3	063700
448	39	滦南县	3	063500
449	39	乐亭县	3	063600
450	39	迁西县	3	064300
451	39	玉田县	3	064100
452	39	唐海县	3	063200
453	39	遵化市	3	064200
454	39	迁安市	3	064400
455	39	高新区	3	063020
456	39	汉沽管理区	3	301501
457	39	海港开发区	3	063600
458	39	芦台开发区	3	301501
459	39	南堡开发区	3	063305
460	39	曹妃甸工业区	3	063200
461	40	海港区	3	066000
462	40	山海关区	3	066200
463	40	北戴河区	3	066100
464	40	青龙满族自治县	3	066500
465	40	昌黎县	3	066600
466	40	抚宁县	3	066300
467	40	卢龙县	3	066400
468	40	经济技术开发区	3	066004
469	41	邯山区	3	056001
470	41	丛台区	3	056004
471	41	复兴区	3	056003
472	41	峰峰矿区	3	056200
473	41	邯郸县	3	056100
474	41	临漳县	3	056600
475	41	成安县	3	056700
476	41	大名县	3	056900
477	41	涉县	3	056400
478	41	磁县	3	056500
479	41	肥乡县	3	057550
480	41	永年县	3	057150
481	41	邱县	3	057450
482	41	鸡泽县	3	057350
483	41	广平县	3	057650
484	41	馆陶县	3	057750
485	41	魏县	3	056800
486	41	曲周县	3	057250
487	41	武安市	3	056300
488	41	经济开发区	3	056002
489	42	桥东区	3	054001
490	42	桥西区	3	054000
491	42	邢台县	3	054001
492	42	临城县	3	054300
493	42	内丘县	3	054200
494	42	柏乡县	3	055450
495	42	隆尧县	3	055350
496	42	任县	3	055150
497	42	南和县	3	054400
498	42	宁晋县	3	055550
499	42	巨鹿县	3	055250
500	42	新河县	3	051730
501	42	广宗县	3	054600
502	42	平乡县	3	054500
503	42	威县	3	054700
504	42	清河县	3	054800
505	42	临西县	3	054900
506	42	南宫市	3	055750
507	42	沙河市	3	054100
509	43	新市区	3	071052
510	43	南市区	3	071000
511	43	北市区	3	071000
512	43	满城县	3	072150
513	43	清苑县	3	071100
514	43	涞水县	3	074100
515	43	阜平县	3	073200
516	43	徐水县	3	072550
517	43	定兴县	3	072650
518	43	唐县	3	072350
519	43	高阳县	3	071500
520	43	容城县	3	071700
521	43	涞源县	3	074300
522	43	望都县	3	072450
523	43	安新县	3	071600
524	43	易县	3	074200
525	43	曲阳县	3	073100
526	43	蠡县	3	071400
527	43	顺平县	3	072250
528	43	博野县	3	071300
529	43	雄县	3	071800
530	43	涿州市	3	072750
531	43	定州市	3	073000
532	43	安国市	3	071200
533	43	高碑店市	3	074000
534	44	桥东区	3	075000
535	44	桥西区	3	075061
536	44	宣化区	3	075100
537	44	下花园区	3	075300
538	44	宣化县	3	075100
539	44	张北县	3	076450
540	44	康保县	3	076650
541	44	沽源县	3	076550
542	44	尚义县	3	076750
543	44	蔚县	3	075700
544	44	阳原县	3	075800
545	44	怀安县	3	076150
546	44	万全县	3	076250
547	44	怀来县	3	075400
548	44	涿鹿县	3	075600
549	44	赤城县	3	075500
550	44	崇礼县	3	076350
551	45	双桥区	3	067000
552	45	双滦区	3	067000
553	45	鹰手营子矿区	3	067200
554	45	承德县	3	067400
555	45	兴隆县	3	067300
556	45	平泉县	3	067500
557	45	滦平县	3	068250
558	45	隆化县	3	068150
559	45	丰宁满族自治县	3	068350
560	45	宽城满族自治县	3	067600
561	45	围场满族蒙古族自治县	3	068450
562	46	新华区	3	061000
563	46	运河区	3	061000
564	46	沧县	3	061000
565	46	青县	3	062650
566	46	东光县	3	061600
567	46	海兴县	3	061200
568	46	盐山县	3	061300
569	46	肃宁县	3	062350
570	46	南皮县	3	061500
571	46	吴桥县	3	061800
572	46	献县	3	062250
573	46	孟村回族自治县	3	061400
574	46	泊头市	3	062150
575	46	任丘市	3	062550
576	46	黄骅市	3	061100
577	46	河间市	3	062450
578	47	安次区	3	065000
579	47	广阳区	3	065000
580	47	固安县	3	065500
581	47	永清县	3	065600
582	47	香河县	3	065400
583	47	大城县	3	065900
584	47	文安县	3	065800
585	47	大厂回族自治县	3	065300
586	47	霸州市	3	065700
587	47	三河市	3	065200
588	47	开发区	3	065001
589	48	桃城区	3	053000
590	48	枣强县	3	053100
591	48	武邑县	3	053400
592	48	武强县	3	053300
593	48	饶阳县	3	053900
594	48	安平县	3	053600
595	48	故城县	3	253800
596	48	景县	3	053500
597	48	阜城县	3	053700
598	48	冀州市	3	053200
599	48	深州市	3	053800
600	49	小店区	3	030032
601	49	迎泽区	3	030024
602	49	杏花岭区	3	030001
603	49	尖草坪区	3	030003
604	49	万柏林区	3	030027
605	49	晋源区	3	030025
606	49	清徐县	3	030400
607	49	阳曲县	3	030100
608	49	娄烦县	3	030300
609	49	古交市	3	030200
610	50	城区	3	037008
611	50	矿区	3	037001
612	50	南郊区	3	037001
613	50	新荣区	3	037002
614	50	阳高县	3	038100
615	50	天镇县	3	038200
616	50	广灵县	3	037500
617	50	灵丘县	3	034400
618	50	浑源县	3	037400
619	50	左云县	3	037100
620	50	大同县	3	037300
621	51	城区	3	045000
622	51	矿区	3	045000
623	51	郊区	3	045011
624	51	平定县	3	045200
625	51	盂县	3	045100
626	52	城区	3	046011
627	52	郊区	3	046011
628	52	长治县	3	047100
629	52	襄垣县	3	046200
630	52	屯留县	3	046100
631	52	平顺县	3	047400
632	52	黎城县	3	047600
633	52	壶关县	3	047300
634	52	长子县	3	046600
635	52	武乡县	3	046300
636	52	沁县	3	046400
637	52	沁源县	3	046500
638	52	潞城市	3	047500
642	53	城区	3	048000
643	53	沁水县	3	048200
644	53	阳城县	3	048100
645	53	陵川县	3	048300
646	53	泽州县	3	048012
647	53	高平市	3	048400
648	54	朔城区	3	038500
649	54	平鲁区	3	038600
650	54	山阴县	3	036900
651	54	应县	3	037600
652	54	右玉县	3	037200
653	54	怀仁县	3	038300
654	55	榆次区	3	030600
655	55	榆社县	3	031800
656	55	左权县	3	032600
657	55	和顺县	3	032700
658	55	昔阳县	3	045300
659	55	寿阳县	3	045400
660	55	太谷县	3	030800
661	55	祁县	3	030900
662	55	平遥县	3	031100
663	55	灵石县	3	031300
664	55	介休市	3	031200
665	56	盐湖区	3	044000
666	56	临猗县	3	044100
667	56	万荣县	3	044200
668	56	闻喜县	3	043800
669	56	稷山县	3	043200
670	56	新绛县	3	043100
671	56	绛县	3	043600
672	56	垣曲县	3	043700
673	56	夏县	3	044400
674	56	平陆县	3	044300
675	56	芮城县	3	044600
676	56	永济市	3	044500
677	56	河津市	3	043300
678	57	忻府区	3	034000
679	57	定襄县	3	035400
680	57	五台县	3	035500
681	57	代县	3	034200
682	57	繁峙县	3	034300
683	57	宁武县	3	036700
684	57	静乐县	3	035100
685	57	神池县	3	036100
686	57	五寨县	3	036200
687	57	岢岚县	3	036300
688	57	河曲县	3	036500
689	57	保德县	3	036600
690	57	偏关县	3	036400
691	57	原平市	3	034100
692	58	尧都区	3	041000
693	58	曲沃县	3	043400
694	58	翼城县	3	043500
695	58	襄汾县	3	041500
696	58	洪洞县	3	031600
697	58	古县	3	042400
698	58	安泽县	3	042500
699	58	浮山县	3	042600
700	58	吉县	3	042200
701	58	乡宁县	3	042100
702	58	大宁县	3	042300
703	58	隰县	3	041300
704	58	永和县	3	041400
705	58	蒲县	3	041200
706	58	汾西县	3	031500
707	58	侯马市	3	043007
708	58	霍州市	3	031400
710	59	离石区	3	033000
711	59	文水县	3	032100
712	59	交城县	3	030500
713	59	兴县	3	033600
714	59	临县	3	033200
715	59	柳林县	3	033300
716	59	石楼县	3	032500
717	59	岚县	3	033500
718	59	方山县	3	033100
719	59	中阳县	3	033400
720	59	交口县	3	032400
721	59	孝义市	3	032300
722	59	汾阳市	3	032200
723	60	回民区	3	010030
724	60	玉泉区	3	010020
725	60	新城区	3	010030
726	60	赛罕区	3	010020
727	60	土默特左旗	3	010100
728	60	托克托县	3	010200
729	60	和林格尔县	3	011500
730	60	清水河县	3	011600
731	60	武川县	3	011700
733	61	东河区	3	014040
734	61	昆都仑区	3	014010
735	61	青山区	3	014030
736	61	石拐区	3	014070
737	61	白云矿区	3	014080
738	61	九原区	3	014060
739	61	土默特右旗	3	014100
740	61	固阳县	3	014200
741	61	达尔罕茂明安联合旗	3	014500
742	62	海勃湾区	3	016000
743	62	海南区	3	016030
744	62	乌达区	3	016040
745	63	红山区	3	024020
746	63	元宝山区	3	024076
747	63	松山区	3	024005
748	63	阿鲁科尔沁旗	3	025550
749	63	巴林左旗	3	025450
750	63	巴林右旗	3	025150
751	63	林西县	3	025250
752	63	克什克腾旗	3	025350
753	63	翁牛特旗	3	024500
754	63	喀喇沁旗	3	024400
755	63	宁城县	3	024200
756	63	敖汉旗	3	024300
757	63	新城区	3	025350
758	64	科尔沁区	3	028000
759	64	科尔沁左翼中旗	3	029300
760	64	科尔沁左翼后旗	3	028100
761	64	开鲁县	3	028400
762	64	库伦旗	3	028200
763	64	奈曼旗	3	028300
764	64	扎鲁特旗	3	029100
765	64	霍林郭勒市	3	029200
766	65	东胜区	3	017000
767	65	达拉特旗	3	014300
768	65	准格尔旗	3	017100
769	65	鄂托克前旗	3	016200
770	65	鄂托克旗	3	016100
771	65	杭锦旗	3	017400
772	65	乌审旗	3	017300
773	65	伊金霍洛旗	3	017200
774	66	海拉尔区	3	021000
775	66	阿荣旗	3	162750
776	66	莫力达瓦达斡尔族自治旗	3	162850
777	66	鄂伦春自治旗	3	165450
778	66	鄂温克族自治旗	3	021100
779	66	陈巴尔虎旗	3	021500
780	66	新巴尔虎左旗	3	021200
781	66	新巴尔虎右旗	3	021300
782	66	满洲里市	3	021400
783	66	牙克石市	3	022150
784	66	扎兰屯市	3	162650
785	66	额尔古纳市	3	022250
786	66	根河市	3	022350
787	67	临河区	3	015001
788	67	五原县	3	015100
789	67	磴口县	3	015200
790	67	乌拉特前旗	3	014400
791	67	乌拉特中旗	3	015300
792	67	乌拉特后旗	3	015500
793	67	杭锦后旗	3	015400
794	68	集宁区	3	012000
795	68	卓资县	3	012300
796	68	化德县	3	013350
797	68	商都县	3	013450
798	68	兴和县	3	013650
799	68	凉城县	3	013750
800	68	察哈尔右翼前旗	3	012200
801	68	察哈尔右翼中旗	3	013550
802	68	察哈尔右翼后旗	3	012400
803	68	四子王旗	3	011800
804	68	丰镇市	3	012100
805	69	乌兰浩特市	3	137401
806	69	阿尔山市	3	137800
807	69	科尔沁右翼前旗	3	137423
808	69	科尔沁右翼中旗	3	029400
809	69	扎赉特旗	3	137600
810	69	突泉县	3	137500
811	70	二连浩特市	3	011100
812	70	锡林浩特市	3	026000
813	70	阿巴嘎旗	3	011400
814	70	苏尼特左旗	3	011300
815	70	苏尼特右旗	3	011200
816	70	东乌珠穆沁旗	3	026300
817	70	西乌珠穆沁旗	3	026200
818	70	太仆寺旗	3	027000
819	70	镶黄旗	3	013250
820	70	正镶白旗	3	013800
821	70	正蓝旗	3	027200
822	70	多伦县	3	027300
823	71	阿拉善左旗	3	750306
824	71	阿拉善右旗	3	737300
825	71	额济纳旗	3	735400
826	72	和平区	3	110001
827	72	沈河区	3	110013
828	72	大东区	3	110041
829	72	皇姑区	3	110031
830	72	铁西区	3	110021
831	72	苏家屯区	3	110101
832	72	东陵区	3	110015
833	72	沈北新区	3	110121
834	72	于洪区	3	110141
835	72	辽中县	3	110200
836	72	康平县	3	110500
837	72	法库县	3	110400
838	72	新民市	3	110300
839	72	经济技术开发区	3	110141
840	72	浑南新区	3	110179
841	72	新城子经济技术开发区	3	110121
842	73	中山区	3	116001
843	73	西岗区	3	116011
844	73	沙河口区	3	116021
845	73	甘井子区	3	116033
846	73	旅顺口区	3	116041
847	73	金州区	3	116100
848	73	长海县	3	116500
849	73	瓦房店市	3	116300
850	73	普兰店市	3	116200
851	73	庄河市	3	116400
852	73	开发区	3	116600
853	73	保税区	3	116600
854	74	铁东区	3	114001
855	74	铁西区	3	114013
856	74	立山区	3	114031
857	74	千山区	3	114041
858	74	台安县	3	114100
859	74	岫岩满族自治县	3	114300
860	74	海城市	3	114200
861	75	新抚区	3	113008
862	75	东洲区	3	113003
863	75	望花区	3	113001
864	75	顺城区	3	113006
865	75	抚顺县	3	113006
866	75	新宾满族自治县	3	113200
867	75	清原满族自治县	3	113300
868	76	平山区	3	117000
869	76	明山区	3	117021
870	76	溪湖区	3	117002
871	76	南芬区	3	117014
872	76	本溪满族自治县	3	117100
873	76	桓仁满族自治县	3	117200
874	77	元宝区	3	118000
875	77	振兴区	3	118002
876	77	振安区	3	118001
877	77	宽甸满族自治县	3	118200
878	77	东港市	3	118300
879	77	凤城市	3	118100
880	78	古塔区	3	121001
881	78	凌河区	3	121000
882	78	太和区	3	121011
883	78	黑山县	3	121400
884	78	义县	3	121100
885	78	凌海市	3	121200
886	78	北宁市	3	121300
887	78	松山新区	3	121219
888	78	经济技术开发区	3	121007
889	79	站前区	3	115002
890	79	西市区	3	115004
891	79	鲅鱼圈区	3	115007
892	79	老边区	3	115005
893	79	盖州市	3	115200
894	79	大石桥市	3	115100
895	80	海州区	3	123000
896	80	新邱区	3	123005
897	80	太平区	3	123003
898	80	清河门区	3	123006
899	80	细河区	3	123000
900	80	阜新蒙古族自治县	3	123100
901	80	彰武县	3	123200
902	81	白塔区	3	111000
903	81	文圣区	3	111000
904	81	宏伟区	3	111003
905	81	弓长岭区	3	111008
906	81	太子河区	3	111000
907	81	辽阳县	3	111200
908	81	灯塔市	3	111300
909	82	双台子区	3	124000
910	82	兴隆台区	3	124010
911	82	大洼县	3	124200
912	82	盘山县	3	124000
913	83	银州区	3	112000
914	83	清河区	3	112003
915	83	铁岭县	3	112000
916	83	西丰县	3	112400
917	83	昌图县	3	112500
918	83	调兵山市	3	112700
919	83	开原市	3	112300
920	84	双塔区	3	122000
921	84	龙城区	3	122000
922	84	朝阳县	3	122000
923	84	建平县	3	122400
924	84	喀喇沁左翼蒙古族自治县	3	122300
925	84	北票市	3	122100
926	84	凌源市	3	122500
927	85	连山区	3	125001
928	85	龙港区	3	125003
929	85	南票区	3	125027
930	85	绥中县	3	125200
931	85	建昌县	3	125300
932	85	兴城市	3	125100
933	86	南关区	3	130022
934	86	宽城区	3	130051
935	86	朝阳区	3	130012
936	86	二道区	3	130031
937	86	绿园区	3	130062
938	86	双阳区	3	130600
939	86	农安县	3	130200
940	86	九台市	3	130500
941	86	榆树市	3	130400
942	86	德惠市	3	130300
943	86	净月经济开发区	3	130117
944	86	高新技术产业开发区	3	130015
945	87	昌邑区	3	132002
946	87	龙潭区	3	132021
947	87	船营区	3	132011
948	87	丰满区	3	132013
949	87	永吉县	3	132200
950	87	蛟河市	3	132500
951	87	桦甸市	3	132400
952	87	舒兰市	3	132600
953	87	磐石市	3	132300
954	88	铁西区	3	136000
955	88	铁东区	3	136001
956	88	梨树县	3	136500
957	88	伊通满族自治县	3	130700
958	88	公主岭市	3	136100
959	88	双辽市	3	136400
960	89	龙山区	3	136200
961	89	西安区	3	136201
962	89	东丰县	3	136300
963	89	东辽县	3	136600
964	90	东昌区	3	134001
965	90	二道江区	3	134003
966	90	通化县	3	134100
967	90	辉南县	3	135100
968	90	柳河县	3	135300
969	90	梅河口市	3	135000
970	90	集安市	3	134200
971	91	八道江区	3	134300
972	91	抚松县	3	134500
973	91	靖宇县	3	135200
974	91	长白朝鲜族自治县	3	134400
975	91	江源县	3	134700
976	91	临江市	3	134600
978	92	宁江区	3	138000
979	92	前郭尔罗斯蒙古族自治县	3	138000
980	92	长岭县	3	131500
981	92	乾安县	3	131400
982	92	扶余县	3	131200
983	93	洮北区	3	137000
984	93	镇赉县	3	137300
985	93	通榆县	3	137200
986	93	洮南市	3	137100
987	93	大安市	3	131300
988	94	延吉市	3	133000
989	94	图们市	3	133100
990	94	敦化市	3	133700
991	94	珲春市	3	133300
992	94	龙井市	3	133400
993	94	和龙市	3	133500
994	94	汪清县	3	133200
995	94	安图县	3	133600
996	95	道里区	3	150010
997	95	南岗区	3	150006
998	95	道外区	3	150020
999	95	香坊区	3	150036
1000	95	动力区	3	150040
1001	95	平房区	3	150060
1002	95	松北区	3	150028
1003	95	呼兰区	3	150500
1004	95	依兰县	3	154800
1005	95	方正县	3	150800
1006	95	宾县	3	150400
1007	95	巴彦县	3	151800
1008	95	木兰县	3	151900
1009	95	通河县	3	150900
1010	95	延寿县	3	150700
1011	95	阿城区	3	150300
1012	95	双城市	3	150100
1013	95	尚志市	3	150600
1014	95	五常市	3	150200
1016	96	龙沙区	3	161000
1017	96	建华区	3	161006
1018	96	铁锋区	3	161000
1019	96	昂昂溪区	3	161031
1020	96	富拉尔基区	3	161041
1021	96	碾子山区	3	161046
1022	96	梅里斯达斡尔族区	3	161021
1023	96	龙江县	3	161100
1024	96	依安县	3	161500
1025	96	泰来县	3	162400
1026	96	甘南县	3	162100
1027	96	富裕县	3	161200
1028	96	克山县	3	161600
1029	96	克东县	3	164800
1030	96	拜泉县	3	164700
1031	96	讷河市	3	161300
1032	97	鸡冠区	3	158100
1033	97	恒山区	3	158130
1034	97	滴道区	3	158150
1035	97	梨树区	3	158160
1036	97	城子河区	3	158170
1037	97	麻山区	3	158180
1038	97	鸡东县	3	158200
1039	97	虎林市	3	158400
1040	97	密山市	3	158300
1041	98	向阳区	3	154100
1042	98	工农区	3	154101
1043	98	南山区	3	154104
1044	98	兴安区	3	154102
1045	98	东山区	3	154106
1046	98	兴山区	3	154105
1047	98	萝北县	3	154200
1048	98	绥滨县	3	156200
1049	99	尖山区	3	155100
1050	99	岭东区	3	155120
1051	99	四方台区	3	155130
1052	99	宝山区	3	155131
1053	99	集贤县	3	155900
1054	99	友谊县	3	155800
1055	99	宝清县	3	155600
1056	99	饶河县	3	155700
1057	100	萨尔图区	3	163001
1058	100	龙凤区	3	163711
1059	100	让胡路区	3	163712
1060	100	红岗区	3	163511
1061	100	大同区	3	163515
1062	100	肇州县	3	166400
1063	100	肇源县	3	166500
1064	100	林甸县	3	166300
1065	100	杜尔伯特蒙古族自治县	3	166200
1066	101	伊春区	3	153000
1067	101	南岔区	3	153100
1068	101	友好区	3	153031
1069	101	西林区	3	153025
1070	101	翠峦区	3	153013
1071	101	新青区	3	153036
1072	101	美溪区	3	153021
1073	101	金山屯区	3	153026
1074	101	五营区	3	153033
1075	101	乌马河区	3	153011
1076	101	汤旺河区	3	153037
1077	101	带岭区	3	153106
1078	101	乌伊岭区	3	153038
1079	101	红星区	3	153035
1080	101	上甘岭区	3	153032
1081	101	嘉荫县	3	153200
1082	101	铁力市	3	152500
1083	102	向阳区	3	154002
1084	102	前进区	3	154002
1085	102	东风区	3	154005
1086	102	郊区	3	154004
1087	102	桦南县	3	154400
1088	102	桦川县	3	154300
1089	102	汤原县	3	154700
1090	102	抚远县	3	156500
1091	102	同江市	3	156400
1092	102	富锦市	3	156100
1093	103	新兴区	3	154604
1094	103	桃山区	3	154600
1095	103	茄子河区	3	154622
1096	103	勃利县	3	154500
1097	104	东安区	3	157000
1098	104	爱民区	3	157009
1099	104	阳明区	3	157013
1100	104	西安区	3	157000
1101	104	东宁县	3	157200
1102	104	林口县	3	157600
1103	104	绥芬河市	3	157300
1104	104	海林市	3	157100
1105	104	宁安市	3	157400
1106	104	穆棱市	3	157500
1107	105	爱辉区	3	164300
1108	105	嫩江县	3	161400
1109	105	逊克县	3	164400
1110	105	孙吴县	3	164200
1111	105	北安市	3	164000
1112	105	五大连池市	3	164100
1113	106	北林区	3	152000
1114	106	望奎县	3	152100
1115	106	兰西县	3	151500
1116	106	青冈县	3	151600
1117	106	庆安县	3	152400
1118	106	明水县	3	151700
1119	106	绥棱县	3	152200
1120	106	安达市	3	151400
1121	106	肇东市	3	151100
1122	106	海伦市	3	152300
1123	107	呼玛县	3	165100
1124	107	塔河县	3	165200
1125	107	漠河县	3	165300
1126	107	加格达奇区	3	165000
1127	107	松岭区	3	165012
1128	107	新林区	3	165023
1129	107	呼中区	3	165036
1130	108	黄浦区	3	200001
1131	108	卢湾区	3	200020
1132	108	徐汇区	3	200030
1133	108	长宁区	3	200050
1134	108	静安区	3	200040
1135	108	普陀区	3	200333
1136	108	闸北区	3	200070
1137	108	虹口区	3	200080
1138	108	杨浦区	3	200082
1139	108	闵行区	3	201100
1140	108	宝山区	3	201900
1141	108	嘉定区	3	201800
1142	108	浦东新区	3	200135
1143	108	金山区	3	200540
1144	108	松江区	3	201600
1145	108	青浦区	3	201700
1146	108	南汇区	3	201300
1147	108	奉贤区	3	201400
1148	108	崇明县	3	202150
1149	109	玄武区	3	210018
1150	109	白下区	3	210002
1151	109	秦淮区	3	210001
1152	109	建邺区	3	210004
1153	109	鼓楼区	3	210009
1154	109	下关区	3	210011
1155	109	浦口区	3	211800
1156	109	栖霞区	3	210046
1157	109	雨花台区	3	210012
1158	109	江宁区	3	211100
1159	109	六合区	3	211500
1160	109	溧水县	3	211200
1161	109	高淳县	3	211300
1162	110	崇安区	3	214002
1163	110	南长区	3	214021
1164	110	北塘区	3	214044
1165	110	锡山区	3	214101
1166	110	惠山区	3	214174
1167	110	滨湖区	3	214062
1168	110	江阴市	3	214400
1169	110	宜兴市	3	214200
1170	110	新区	3	214028
1171	111	云龙区	3	221009
1172	111	鼓楼区	3	221005
1173	111	九里区	3	221140
1174	111	泉山区	3	221006
1175	111	铜山县	3	221116
1176	111	贾汪区	3	221011
1177	111	丰县	3	221700
1178	111	沛县	3	221600
1179	111	睢宁县	3	221200
1180	111	新沂市	3	221400
1181	111	邳州市	3	221300
1182	112	天宁区	3	213003
1183	112	钟楼区	3	213002
1184	112	戚墅堰区	3	213011
1185	112	新北区	3	213001
1186	112	武进区	3	213161
1187	112	溧阳市	3	213300
1188	112	金坛市	3	213200
1189	113	沧浪区	3	215006
1190	113	平江区	3	215005
1191	113	金阊区	3	215008
1192	113	虎丘区	3	215004
1193	113	吴中区	3	215128
1194	113	相城区	3	215131
1195	113	常熟市	3	215500
1196	113	张家港市	3	215600
1197	113	昆山市	3	215300
1198	113	吴江市	3	215200
1199	113	太仓市	3	215400
1200	113	工业园区	3	215028
1201	113	高新区	3	215011
1202	114	崇川区	3	226001
1203	114	港闸区	3	226001
1204	114	海安县	3	226600
1205	114	如东县	3	226400
1206	114	启东市	3	226200
1207	114	如皋市	3	226500
1208	114	通州市	3	226300
1209	114	海门市	3	226100
1210	114	经济技术开发区	3	226009
1211	115	连云区	3	222042
1212	115	新浦区	3	222003
1213	115	海州区	3	222023
1214	115	赣榆县	3	222100
1215	115	东海县	3	222300
1216	115	灌云县	3	222200
1217	115	灌南县	3	223500
1218	116	清河区	3	223001
1219	116	楚州区	3	223200
1220	116	淮阴区	3	223300
1221	116	清浦区	3	223002
1222	116	涟水县	3	223400
1223	116	洪泽县	3	223100
1224	116	盱眙县	3	211700
1225	116	金湖县	3	211600
1226	117	亭湖区	3	224005
1227	117	盐都区	3	224055
1228	117	响水县	3	224600
1229	117	滨海县	3	224500
1230	117	阜宁县	3	224400
1231	117	射阳县	3	224300
1232	117	建湖县	3	224700
1233	117	东台市	3	224200
1234	117	大丰市	3	224100
1235	118	广陵区	3	225002
1236	118	邗江区	3	225002
1237	118	宝应县	3	225800
1238	118	仪征市	3	211400
1239	118	高邮市	3	225600
1240	118	江都市	3	225200
1241	118	维扬区	3	225002
1242	118	经济开发区	3	225101
1243	119	京口区	3	212001
1244	119	润州区	3	212004
1245	119	丹徒区	3	212001
1246	119	丹阳市	3	212300
1247	119	扬中市	3	212200
1248	119	句容市	3	212400
1249	119	新区	3	212132
1250	120	海陵区	3	225300
1251	120	高港区	3	225321
1252	120	兴化市	3	225700
1253	120	靖江市	3	214500
1254	120	泰兴市	3	225400
1255	120	姜堰市	3	225500
1256	121	宿城区	3	223800
1257	121	宿豫区	3	223800
1258	121	沭阳县	3	223600
1259	121	泗阳县	3	223700
1260	121	泗洪县	3	223900
1261	122	上城区	3	310002
1262	122	下城区	3	310006
1263	122	江干区	3	310016
1264	122	拱墅区	3	310011
1265	122	西湖区	3	310013
1266	122	滨江区	3	310051
1267	122	萧山区	3	311200
1268	122	余杭区	3	311100
1269	122	桐庐县	3	311500
1270	122	淳安县	3	311700
1271	122	建德市	3	311600
1272	122	富阳市	3	311400
1273	122	临安市	3	311300
1274	123	海曙区	3	315000
1275	123	江东区	3	315040
1276	123	江北区	3	315040
1277	123	北仑区	3	315800
1278	123	镇海区	3	315200
1279	123	鄞州区	3	315100
1280	123	象山县	3	315700
1281	123	宁海县	3	315600
1282	123	余姚市	3	315400
1283	123	慈溪市	3	315300
1284	123	奉化市	3	315500
1285	124	鹿城区	3	325000
1286	124	龙湾区	3	325013
1287	124	瓯海区	3	325005
1288	124	洞头县	3	325700
1289	124	永嘉县	3	315100
1290	124	平阳县	3	325400
1291	124	苍南县	3	325800
1292	124	文成县	3	325300
1293	124	泰顺县	3	325500
1294	124	瑞安市	3	325200
1295	124	乐清市	3	325600
1296	125	秀洲区	3	314001
1297	125	嘉善县	3	314100
1298	125	海盐县	3	314300
1299	125	海宁市	3	314400
1300	125	平湖市	3	314200
1301	125	桐乡市	3	314500
1302	125	南湖区	3	314001
1303	126	吴兴区	3	313000
1304	126	南浔区	3	313009
1305	126	德清县	3	313200
1306	126	长兴县	3	313100
1307	126	安吉县	3	313300
1308	127	越城区	3	312000
1309	127	绍兴县	3	312000
1310	127	新昌县	3	312500
1311	127	诸暨市	3	311800
1312	127	上虞市	3	312300
1313	127	嵊州市	3	312400
1314	128	婺城区	3	321000
1315	128	金东区	3	321000
1316	128	武义县	3	321200
1317	128	浦江县	3	322200
1318	128	磐安县	3	322300
1319	128	兰溪市	3	321100
1320	128	义乌市	3	322000
1321	128	东阳市	3	322100
1322	128	永康市	3	321300
1323	129	柯城区	3	324100
1324	129	衢江区	3	324022
1325	129	常山县	3	324200
1326	129	开化县	3	324300
1327	129	龙游县	3	324400
1328	129	江山市	3	324100
1329	130	定海区	3	316000
1330	130	普陀区	3	316100
1331	130	岱山县	3	316200
1332	130	嵊泗县	3	202450
1333	131	椒江区	3	318000
1334	131	路桥区	3	318050
1335	131	黄岩区	3	318020
1336	131	玉环县	3	317600
1337	131	三门县	3	317100
1338	131	天台县	3	317200
1339	131	仙居县	3	317300
1340	131	温岭市	3	317500
1341	131	临海市	3	317000
1342	132	莲都区	3	323000
1343	132	青田县	3	323900
1344	132	缙云县	3	321400
1345	132	遂昌县	3	323300
1346	132	松阳县	3	323400
1347	132	云和县	3	323600
1348	132	庆元县	3	323800
1349	132	景宁畲族自治县	3	323500
1350	132	龙泉市	3	323700
1351	133	瑶海区	3	230011
1352	133	庐阳区	3	230001
1353	133	蜀山区	3	230031
1354	133	包河区	3	230041
1355	133	长丰县	3	231100
1356	133	肥东县	3	231600
1357	133	肥西县	3	231200
1358	133	经济技术开发区	3	230601
1359	133	新站试验区	3	230011
1360	133	政务文化新区	3	230066
1361	133	高新技术产业开发区	3	230088
1362	134	镜湖区	3	241000
1363	134	鸠江区	3	241000
1364	134	芜湖县	3	241100
1365	134	繁昌县	3	241200
1366	134	南陵县	3	242400
1367	134	弋江区	3	241000
1368	134	三山区	3	241000
1369	135	龙子湖区	3	233000
1370	135	蚌山区	3	233000
1371	135	禹会区	3	233000
1372	135	淮上区	3	233000
1373	135	怀远县	3	233400
1374	135	五河县	3	233300
1375	135	固镇县	3	233700
1376	136	大通区	3	232033
1377	136	田家庵区	3	232000
1378	136	谢家集区	3	232052
1379	136	八公山区	3	232072
1380	136	潘集区	3	232082
1381	136	凤台县	3	232100
1382	137	雨山区	3	243071
1383	137	花山区	3	243000
1384	137	金家庄区	3	243021
1385	137	当涂县	3	243100
1386	137	经济技术开发区	3	243041
1387	138	杜集区	3	235000
1388	138	相山区	3	235000
1389	138	烈山区	3	235000
1390	138	濉溪县	3	235100
1391	139	铜官山区	3	244000
1392	139	狮子山区	3	244000
1393	139	郊区	3	244000
1394	139	铜陵县	3	244100
1395	140	迎江区	3	246001
1396	140	大观区	3	246002
1397	140	怀宁县	3	246100
1398	140	枞阳县	3	246700
1399	140	潜山县	3	246300
1400	140	太湖县	3	246400
1401	140	宿松县	3	246500
1402	140	望江县	3	246200
1403	140	岳西县	3	246600
1404	140	桐城市	3	231400
1405	140	宜秀区	3	246003
1406	141	屯溪区	3	245000
1407	141	黄山区	3	242700
1408	141	徽州区	3	245061
1409	141	歙县	3	245200
1410	141	休宁县	3	245400
1411	141	黟县	3	245500
1412	141	祁门县	3	245600
1413	142	琅琊区	3	239000
1414	142	南谯区	3	239000
1415	142	来安县	3	239200
1416	142	全椒县	3	239500
1417	142	定远县	3	233200
1418	142	凤阳县	3	233100
1419	142	天长市	3	239300
1420	142	明光市	3	239400
1421	143	颍州区	3	236001
1422	143	颍东区	3	236058
1423	143	颍泉区	3	236045
1424	143	临泉县	3	236400
1425	143	太和县	3	236600
1426	143	阜南县	3	236300
1427	143	颍上县	3	236200
1428	143	界首市	3	236500
1429	143	经济开发区	3	236112
1430	144	埇桥区	3	234000
1431	144	砀山县	3	235300
1432	144	萧县	3	235200
1433	144	灵璧县	3	234200
1434	144	泗县	3	234300
1435	145	居巢区	3	238000
1436	145	庐江县	3	231500
1437	145	无为县	3	238300
1438	145	含山县	3	238100
1439	145	和县	3	238200
1440	146	金安区	3	237000
1441	146	裕安区	3	237010
1442	146	寿县	3	232200
1443	146	霍邱县	3	237400
1444	146	舒城县	3	231300
1445	146	金寨县	3	237300
1446	146	霍山县	3	237200
1447	147	谯城区	3	236800
1448	147	涡阳县	3	233600
1449	147	蒙城县	3	233500
1450	147	利辛县	3	236700
1451	148	贵池区	3	247100
1452	148	东至县	3	247200
1453	148	石台县	3	245100
1454	148	青阳县	3	242800
1455	149	宣州区	3	242000
1456	149	郎溪县	3	242100
1457	149	广德县	3	242200
1458	149	泾县	3	242500
1459	149	绩溪县	3	245300
1460	149	旌德县	3	242600
1461	149	宁国市	3	242300
1462	150	鼓楼区	3	350001
1463	150	台江区	3	350004
1464	150	仓山区	3	350007
1465	150	马尾区	3	350015
1466	150	晋安区	3	350011
1467	150	闽侯县	3	350100
1468	150	连江县	3	350500
1469	150	罗源县	3	350600
1470	150	闽清县	3	350800
1471	150	永泰县	3	350700
1472	150	平潭县	3	350400
1473	150	福清市	3	350300
1474	150	长乐市	3	350200
1475	151	思明区	3	361001
1476	151	海沧区	3	361026
1477	151	湖里区	3	361006
1478	151	集美区	3	361021
1479	151	同安区	3	361100
1480	151	翔安区	3	361101
1481	151	鼓浪屿区	3	361002
1482	151	象屿保税区	3	361006
1483	151	火炬高新区	3	361006
1485	152	城厢区	3	351100
1486	152	涵江区	3	351111
1487	152	荔城区	3	351100
1488	152	秀屿区	3	351152
1489	152	仙游县	3	351200
1490	153	梅列区	3	365000
1491	153	三元区	3	365001
1492	153	明溪县	3	365200
1493	153	清流县	3	365300
1494	153	宁化县	3	365400
1495	153	大田县	3	366100
1496	153	尤溪县	3	365100
1497	153	沙县	3	365500
1498	153	将乐县	3	353300
1499	153	泰宁县	3	354400
1500	153	建宁县	3	354500
1501	153	永安市	3	366000
1502	154	鲤城区	3	362000
1503	154	丰泽区	3	362000
1504	154	洛江区	3	362011
1505	154	泉港区	3	362114
1506	154	惠安县	3	362100
1507	154	安溪县	3	362400
1508	154	永春县	3	362600
1509	154	德化县	3	362500
1510	154	金门县	3	362000
1511	154	石狮市	3	362700
1512	154	晋江市	3	362200
1513	154	南安市	3	362300
1514	154	经济技术开发区	3	362005
1515	155	芗城区	3	363000
1516	155	龙文区	3	363005
1517	155	云霄县	3	363300
1518	155	漳浦县	3	363200
1519	155	诏安县	3	363500
1520	155	长泰县	3	363900
1521	155	东山县	3	363400
1522	155	南靖县	3	363600
1523	155	平和县	3	363700
1524	155	华安县	3	363800
1525	155	龙海市	3	363100
1526	156	延平区	3	353000
1527	156	顺昌县	3	353200
1528	156	浦城县	3	353400
1529	156	光泽县	3	354100
1530	156	松溪县	3	353500
1531	156	政和县	3	353600
1532	156	邵武市	3	354000
1533	156	武夷山市	3	354300
1534	156	建瓯市	3	353100
1535	156	建阳市	3	354200
1536	157	新罗区	3	364000
1537	157	长汀县	3	366300
1538	157	永定县	3	364100
1539	157	上杭县	3	364200
1540	157	武平县	3	364300
1541	157	连城县	3	366200
1542	157	漳平市	3	364400
1543	158	蕉城区	3	352100
1544	158	霞浦县	3	355100
1545	158	古田县	3	352200
1546	158	屏南县	3	352300
1547	158	寿宁县	3	355500
1548	158	周宁县	3	355400
1549	158	柘荣县	3	355300
1550	158	福安市	3	355000
1551	158	福鼎市	3	355200
1552	159	东湖区	3	330006
1553	159	西湖区	3	330009
1554	159	青云谱区	3	330001
1555	159	湾里区	3	330004
1556	159	青山湖区	3	330029
1557	159	南昌县	3	330200
1558	159	新建县	3	330100
1559	159	安义县	3	330500
1560	159	进贤县	3	331700
1561	159	经济技术开发区	3	330013
1562	159	红谷滩新区	3	330038
1563	159	高新技术产业开发区	3	330029
1564	159	桑海经济技术开发区	3	330115
1565	159	英雄经济开发区	3	330200
1566	160	昌江区	3	333000
1567	160	珠山区	3	333000
1568	160	浮梁县	3	333400
1569	160	乐平市	3	333300
1570	161	安源区	3	337000
1571	161	湘东区	3	337016
1572	161	莲花县	3	337100
1573	161	上栗县	3	337009
1574	161	芦溪县	3	337053
1575	162	庐山区	3	332005
1576	162	浔阳区	3	332000
1577	162	九江县	3	332100
1578	162	武宁县	3	332300
1579	162	修水县	3	332400
1580	162	永修县	3	330300
1581	162	德安县	3	330400
1582	162	星子县	3	332800
1583	162	都昌县	3	332600
1584	162	湖口县	3	332500
1585	162	彭泽县	3	332700
1586	162	瑞昌市	3	332200
1587	163	渝水区	3	338025
1588	163	分宜县	3	336600
1589	164	月湖区	3	335000
1590	164	余江县	3	335200
1591	164	贵溪市	3	335400
1592	165	章贡区	3	341000
1593	165	赣县	3	341100
1594	165	信丰县	3	341600
1595	165	大余县	3	341500
1596	165	上犹县	3	341200
1597	165	崇义县	3	341300
1598	165	安远县	3	342100
1599	165	龙南县	3	341700
1600	165	定南县	3	341900
1601	165	全南县	3	341800
1602	165	宁都县	3	342800
1603	165	于都县	3	342300
1604	165	兴国县	3	342400
1605	165	会昌县	3	342600
1606	165	寻乌县	3	342200
1607	165	石城县	3	342700
1608	165	瑞金市	3	342500
1609	165	南康市	3	341400
1610	166	吉州区	3	343000
1611	166	青原区	3	343009
1612	166	吉安县	3	343100
1613	166	吉水县	3	331600
1614	166	峡江县	3	331400
1615	166	新干县	3	331300
1616	166	永丰县	3	331500
1617	166	泰和县	3	343700
1618	166	遂川县	3	343900
1619	166	万安县	3	343800
1620	166	安福县	3	343200
1621	166	永新县	3	343400
1622	166	井冈山市	3	343600
1623	167	袁州区	3	336000
1624	167	奉新县	3	330700
1625	167	万载县	3	336100
1626	167	上高县	3	336400
1627	167	宜丰县	3	336300
1628	167	靖安县	3	330600
1629	167	铜鼓县	3	336200
1630	167	丰城市	3	331100
1631	167	樟树市	3	331200
1632	167	高安市	3	330800
1633	168	临川区	3	344100
1634	168	南城县	3	344700
1635	168	黎川县	3	344600
1636	168	南丰县	3	344500
1637	168	崇仁县	3	344200
1638	168	乐安县	3	344300
1639	168	宜黄县	3	344400
1640	168	金溪县	3	344800
1641	168	资溪县	3	335300
1642	168	东乡县	3	331800
1643	168	广昌县	3	344900
1644	169	信州区	3	334000
1645	169	上饶县	3	334100
1646	169	广丰县	3	334600
1647	169	玉山县	3	334700
1648	169	铅山县	3	334500
1649	169	横峰县	3	334300
1650	169	弋阳县	3	334400
1651	169	余干县	3	335100
1652	169	鄱阳县	3	333100
1653	169	万年县	3	335500
1654	169	婺源县	3	333200
1655	169	德兴市	3	334200
1656	170	历下区	3	250014
1657	170	市中区	3	250001
1658	170	槐荫区	3	250022
1659	170	天桥区	3	250031
1660	170	历城区	3	250100
1661	170	长清区	3	250300
1662	170	平阴县	3	250400
1663	170	济阳县	3	251400
1664	170	商河县	3	251600
1665	170	章丘市	3	250200
1666	170	高新区	3	250101
1667	170	经济开发区	3	250300
1668	171	市南区	3	266001
1669	171	市北区	3	266011
1670	171	四方区	3	266031
1671	171	黄岛区	3	266500
1672	171	崂山区	3	266100
1673	171	李沧区	3	266021
1674	171	城阳区	3	266041
1675	171	胶州市	3	266300
1676	171	即墨市	3	266200
1677	171	平度市	3	266700
1678	171	胶南市	3	266400
1679	171	莱西市	3	266600
1680	172	淄川区	3	255100
1681	172	张店区	3	255022
1682	172	博山区	3	255200
1683	172	临淄区	3	255400
1684	172	周村区	3	255300
1685	172	桓台县	3	256400
1686	172	高青县	3	256300
1687	172	沂源县	3	256100
1688	172	高新区	3	255086
1689	173	市中区	3	277101
1690	173	薛城区	3	277000
1691	173	峄城区	3	277300
1692	173	台儿庄区	3	277400
1693	173	山亭区	3	277200
1694	173	滕州市	3	277500
1695	174	东营区	3	257029
1696	174	河口区	3	257200
1697	174	垦利县	3	257500
1698	174	利津县	3	257400
1699	174	广饶县	3	257300
1700	175	芝罘区	3	264001
1701	175	福山区	3	265500
1702	175	牟平区	3	264100
1703	175	莱山区	3	264600
1704	175	长岛县	3	265800
1705	175	龙口市	3	265700
1706	175	莱阳市	3	265200
1707	175	莱州市	3	261400
1708	175	蓬莱市	3	265600
1709	175	招远市	3	265400
1710	175	栖霞市	3	265300
1711	175	海阳市	3	265100
1712	175	开发区	3	264006
1713	176	潍城区	3	261021
1714	176	寒亭区	3	261100
1715	176	坊子区	3	261200
1716	176	奎文区	3	261031
1717	176	临朐县	3	262600
1718	176	昌乐县	3	262400
1719	176	青州市	3	262500
1720	176	诸城市	3	262200
1721	176	寿光市	3	262700
1722	176	安丘市	3	262100
1723	176	高密市	3	261500
1724	176	昌邑市	3	261300
1725	176	经济开发区	3	261061
1726	176	滨海经济开发区	3	262737
1727	176	高新技术开发区	3	261061
1728	176	出口加工区	3	261205
1729	177	市中区	3	272133
1730	177	任城区	3	272113
1731	177	微山县	3	277600
1732	177	鱼台县	3	272300
1733	177	金乡县	3	272200
1734	177	嘉祥县	3	272400
1735	177	汶上县	3	272501
1736	177	泗水县	3	273200
1737	177	梁山县	3	272600
1738	177	曲阜市	3	273100
1739	177	兖州市	3	272000
1740	177	邹城市	3	273500
1741	178	泰山区	3	271000
1742	178	岱岳区	3	271000
1743	178	宁阳县	3	271400
1744	178	东平县	3	271500
1745	178	新泰市	3	271200
1746	178	肥城市	3	271600
1747	179	环翠区	3	264200
1748	179	文登市	3	264400
1749	179	荣成市	3	264300
1750	179	乳山市	3	264500
1751	179	经济技术开发区	3	264205
1752	179	高新技术开发区	3	264209
1753	180	东港区	3	276800
1754	180	岚山区	3	276808
1755	180	五莲县	3	272300
1756	180	莒县	3	266500
1757	181	莱城区	3	271100
1758	181	钢城区	3	271100
1759	182	兰山区	3	276002
1760	182	罗庄区	3	276022
1761	182	河东区	3	276034
1762	182	沂南县	3	276300
1763	182	郯城县	3	276100
1764	182	沂水县	3	276400
1765	182	苍山县	3	277700
1766	182	费县	3	273400
1767	182	平邑县	3	273300
1768	182	莒南县	3	276600
1769	182	蒙阴县	3	276200
1770	182	临沭县	3	276700
1771	183	德城区	3	253011
1772	183	陵县	3	253500
1773	183	宁津县	3	253400
1774	183	庆云县	3	253700
1775	183	临邑县	3	251500
1776	183	齐河县	3	251100
1777	183	平原县	3	253100
1778	183	夏津县	3	253200
1779	183	武城县	3	253300
1780	183	乐陵市	3	253600
1781	183	禹城市	3	251200
1782	184	东昌府区	3	252000
1783	184	阳谷县	3	252300
1784	184	莘县	3	252400
1785	184	茌平县	3	252100
1786	184	东阿县	3	252200
1787	184	冠县	3	252500
1788	184	高唐县	3	252800
1789	184	临清市	3	252600
1790	185	滨城区	3	256613
1791	185	惠民县	3	251700
1792	185	阳信县	3	251800
1793	185	无棣县	3	251900
1794	185	沾化县	3	256800
1795	185	博兴县	3	256500
1796	185	邹平县	3	256200
1797	186	牡丹区	3	274009
1798	186	曹县	3	274400
1799	186	单县	3	274300
1800	186	成武县	3	274200
1801	186	巨野县	3	274900
1802	186	郓城县	3	274700
1803	186	鄄城县	3	274600
1804	186	定陶县	3	274100
1805	186	东明县	3	274500
1806	187	中原区	3	450007
1807	187	二七区	3	450052
1808	187	管城回族区	3	450000
1809	187	金水区	3	450003
1810	187	上街区	3	450041
1811	187	中牟县	3	451450
1812	187	巩义市	3	451200
1813	187	荥阳市	3	450100
1814	187	新密市	3	452300
1815	187	新郑市	3	451100
1816	187	登封市	3	452470
1817	187	高新技术开发区	3	450001
1818	187	惠济区	3	450053
1819	187	经济技术开发区	3	450016
1820	187	郑东新区	3	450008
1821	187	出口加工区	3	450016
1822	188	龙亭区	3	475100
1823	188	顺河回族区	3	475000
1824	188	鼓楼区	3	475000
1825	188	杞县	3	475200
1826	188	通许县	3	475400
1827	188	尉氏县	3	475500
1828	188	开封县	3	475100
1829	188	兰考县	3	475300
1830	188	金明区	3	475003
1831	188	禹王台区	3	475003
1832	189	老城区	3	471002
1833	189	西工区	3	471000
1834	189	瀍河回族区	3	471002
1835	189	涧西区	3	471003
1836	189	吉利区	3	471012
1837	189	洛龙区	3	471000
1838	189	孟津县	3	471100
1839	189	新安县	3	471800
1840	189	栾川县	3	471500
1841	189	嵩县	3	471400
1842	189	汝阳县	3	471200
1843	189	宜阳县	3	471600
1844	189	洛宁县	3	471700
1845	189	伊川县	3	471300
1846	189	偃师市	3	471900
1847	189	高新技术开发区	3	471003
1848	189	经济技术开发区	3	471023
1849	190	新华区	3	467002
1850	190	卫东区	3	467021
1851	190	石龙区	3	467045
1852	190	湛河区	3	467000
1853	190	宝丰县	3	467400
1854	190	叶县	3	467200
1855	190	鲁山县	3	467300
1856	190	郏县	3	467100
1857	190	舞钢市	3	462500
1858	190	汝州市	3	467500
1859	191	文峰区	3	455000
1860	191	北关区	3	455001
1861	191	殷都区	3	455004
1862	191	龙安区	3	455001
1863	191	安阳县	3	455000
1864	191	汤阴县	3	456150
1865	191	滑县	3	456400
1866	191	内黄县	3	456350
1867	191	林州市	3	456500
1868	192	鹤山区	3	458010
1869	192	山城区	3	458000
1870	192	淇滨区	3	458000
1871	192	浚县	3	456250
1872	192	淇县	3	456750
1873	193	红旗区	3	453000
1874	193	卫滨区	3	453000
1875	193	凤泉区	3	453011
1876	193	牧野区	3	453002
1877	193	新乡县	3	453700
1878	193	获嘉县	3	453800
1879	193	原阳县	3	453500
1880	193	延津县	3	453200
1881	193	封丘县	3	453300
1882	193	长垣县	3	453400
1883	193	卫辉市	3	453100
1884	193	辉县市	3	453600
1885	194	解放区	3	454000
1886	194	中站区	3	454191
1887	194	马村区	3	454171
1888	194	山阳区	3	454002
1889	194	修武县	3	454350
1890	194	博爱县	3	454450
1891	194	武陟县	3	454950
1892	194	温县	3	454850
1893	194	沁阳市	3	454550
1894	194	孟州市	3	454750
1895	195	济源市	3	454650
1896	196	华龙区	3	457001
1897	196	清丰县	3	457300
1898	196	南乐县	3	457400
1899	196	范县	3	457500
1900	196	台前县	3	457600
1901	196	濮阳县	3	457100
1902	197	魏都区	3	461000
1903	197	许昌县	3	461100
1904	197	鄢陵县	3	461200
1905	197	襄城县	3	461700
1906	197	禹州市	3	461670
1907	197	长葛市	3	461500
1908	198	源汇区	3	462000
1909	198	郾城区	3	462300
1910	198	召陵区	3	462300
1911	198	舞阳县	3	462400
1912	198	临颍县	3	462600
1913	199	湖滨区	3	472000
1914	199	渑池县	3	472400
1915	199	陕县	3	472100
1916	199	卢氏县	3	472200
1917	199	义马市	3	472300
1918	199	灵宝市	3	472500
1919	200	宛城区	3	473001
1920	200	卧龙区	3	473003
1921	200	南召县	3	474650
1922	200	方城县	3	473200
1923	200	西峡县	3	474550
1924	200	镇平县	3	474250
1925	200	内乡县	3	474350
1926	200	淅川县	3	474450
1927	200	社旗县	3	473300
1928	200	唐河县	3	473400
1929	200	新野县	3	473500
1930	200	桐柏县	3	474750
1931	200	邓州市	3	474150
1932	201	梁园区	3	476000
1933	201	睢阳区	3	476100
1934	201	民权县	3	476800
1935	201	睢县	3	476900
1936	201	宁陵县	3	476700
1937	201	柘城县	3	476200
1938	201	虞城县	3	476300
1939	201	夏邑县	3	476400
1940	201	永城市	3	476600
1941	202	浉河区	3	464000
1942	202	平桥区	3	464100
1943	202	罗山县	3	464200
1944	202	光山县	3	465450
1945	202	新县	3	465550
1946	202	商城县	3	465350
1947	202	固始县	3	465250
1948	202	潢川县	3	465150
1949	202	淮滨县	3	464400
1950	202	息县	3	464300
1951	203	川汇区	3	466000
1952	203	扶沟县	3	461300
1953	203	西华县	3	466600
1954	203	商水县	3	466100
1955	203	沈丘县	3	466300
1956	203	郸城县	3	477150
1957	203	淮阳县	3	466700
1958	203	太康县	3	461400
1959	203	鹿邑县	3	477200
1960	203	项城市	3	466200
1961	204	驿城区	3	463000
1962	204	西平县	3	463900
1963	204	上蔡县	3	463800
1964	204	平舆县	3	463400
1965	204	正阳县	3	463600
1966	204	确山县	3	463200
1967	204	泌阳县	3	463700
1968	204	汝南县	3	463300
1969	204	遂平县	3	463100
1970	204	新蔡县	3	463500
1971	205	江岸区	3	430014
1972	205	江汉区	3	430021
1973	205	硚口区	3	430033
1974	205	汉阳区	3	430050
1975	205	武昌区	3	430061
1976	205	青山区	3	430080
1977	205	洪山区	3	430070
1978	205	东西湖区	3	430040
1979	205	汉南区	3	430090
1980	205	蔡甸区	3	430100
1981	205	江夏区	3	430200
1982	205	黄陂区	3	432200
1983	205	新洲区	3	431400
1984	206	黄石港区	3	435000
1985	206	西塞山区	3	435001
1986	206	下陆区	3	435005
1987	206	铁山区	3	435006
1988	206	阳新县	3	435200
1989	206	大冶市	3	435100
1990	207	茅箭区	3	442012
1991	207	张湾区	3	442001
1992	207	郧县	3	442500
1993	207	郧西县	3	442600
1994	207	竹山县	3	442200
1995	207	竹溪县	3	442300
1996	207	房县	3	442100
1997	207	丹江口市	3	442700
1998	208	西陵区	3	443000
1999	208	伍家岗区	3	443001
2000	208	点军区	3	443006
2001	208	虢亭区	3	443007
2002	208	夷陵区	3	443100
2003	208	远安县	3	444200
2004	208	兴山县	3	443711
2005	208	秭归县	3	443600
2006	208	长阳土家族自治县	3	443500
2007	208	五峰土家族自治县	3	443400
2008	208	宜都市	3	443300
2009	208	当阳市	3	444100
2010	208	枝江市	3	443200
2011	208	经济技术开发区	3	443003
2012	209	襄城区	3	441021
2013	209	樊城区	3	441001
2014	209	襄阳区	3	441100
2015	209	南漳县	3	441500
2016	209	谷城县	3	441700
2017	209	保康县	3	441600
2018	209	老河口市	3	441800
2019	209	枣阳市	3	441200
2020	209	宜城市	3	441400
2021	210	梁子湖区	3	436064
2022	210	华容区	3	436030
2023	210	鄂城区	3	436000
2024	211	东宝区	3	448004
2025	211	掇刀区	3	448124
2026	211	京山县	3	431800
2027	211	沙洋县	3	448200
2028	211	钟祥市	3	431900
2029	212	孝南区	3	432100
2030	212	孝昌县	3	432900
2031	212	大悟县	3	432800
2032	212	云梦县	3	432500
2033	212	应城市	3	432400
2034	212	安陆市	3	432600
2035	212	汉川市	3	432300
2036	213	沙市区	3	434000
2037	213	荆州区	3	434020
2038	213	公安县	3	434300
2039	213	监利县	3	433300
2040	213	江陵县	3	434101
2041	213	石首市	3	434400
2042	213	洪湖市	3	433200
2043	213	松滋市	3	434200
2044	214	黄州区	3	438000
2045	214	团风县	3	438000
2046	214	红安县	3	438401
2047	214	罗田县	3	438600
2048	214	英山县	3	438700
2049	214	浠水县	3	438200
2050	214	蕲春县	3	435300
2051	214	黄梅县	3	435500
2052	214	麻城市	3	438300
2053	214	武穴市	3	435400
2054	215	咸安区	3	437000
2055	215	嘉鱼县	3	437200
2056	215	通城县	3	437400
2057	215	崇阳县	3	437500
2058	215	通山县	3	437600
2059	215	赤壁市	3	437300
2060	216	曾都区	3	441300
2061	216	广水市	3	432700
2062	217	恩施市	3	445000
2063	217	利川市	3	445400
2064	217	建始县	3	445300
2065	217	巴东县	3	444300
2066	217	宣恩县	3	445500
2067	217	咸丰县	3	445600
2068	217	来凤县	3	445700
2069	217	鹤峰县	3	445800
2070	218	仙桃市	3	433000
2071	218	潜江市	3	433100
2072	218	天门市	3	431700
2073	218	神农架林区	3	442400
2074	219	芙蓉区	3	410011
2075	219	天心区	3	410011
2076	219	岳麓区	3	410006
2077	219	开福区	3	410008
2078	219	雨花区	3	410011
2079	219	长沙县	3	410100
2080	219	望城县	3	410200
2081	219	宁乡县	3	410600
2082	219	浏阳市	3	410300
2083	220	荷塘区	3	412000
2084	220	芦淞区	3	412000
2085	220	石峰区	3	412005
2086	220	天元区	3	412007
2087	220	株洲县	3	412100
2088	220	攸县	3	412300
2089	220	茶陵县	3	412400
2090	220	炎陵县	3	412500
2091	220	醴陵市	3	412200
2092	221	雨湖区	3	411100
2093	221	岳塘区	3	411101
2094	221	湘潭县	3	411228
2095	221	湘乡市	3	411400
2096	221	韶山市	3	411300
2097	222	珠晖区	3	421002
2098	222	雁峰区	3	421001
2099	222	石鼓区	3	421001
2100	222	蒸湘区	3	421001
2101	222	南岳区	3	421900
2102	222	衡阳县	3	421200
2103	222	衡南县	3	421131
2104	222	衡山县	3	421300
2105	222	衡东县	3	421400
2106	222	祁东县	3	421600
2107	222	耒阳市	3	421800
2108	222	常宁市	3	421500
2109	223	双清区	3	422001
2110	223	大祥区	3	422000
2111	223	北塔区	3	422007
2112	223	邵东县	3	422800
2113	223	新邵县	3	422900
2114	223	邵阳县	3	422100
2115	223	隆回县	3	422200
2116	223	洞口县	3	422300
2117	223	绥宁县	3	422600
2118	223	新宁县	3	422700
2119	223	城步苗族自治县	3	422500
2120	223	武冈市	3	422400
2121	224	岳阳楼区	3	414000
2122	224	云溪区	3	414009
2123	224	君山区	3	414005
2124	224	岳阳县	3	414100
2125	224	华容县	3	414200
2126	224	湘阴县	3	410500
2127	224	平江县	3	414500
2128	224	汨罗市	3	414400
2129	224	临湘市	3	414300
2130	225	武陵区	3	415000
2131	225	鼎城区	3	415101
2132	225	安乡县	3	415600
2133	225	汉寿县	3	415900
2134	225	澧县	3	415500
2135	225	临澧县	3	415200
2136	225	桃源县	3	415700
2137	225	石门县	3	415300
2138	225	津市市	3	415400
2139	226	永定区	3	427000
2140	226	武陵源区	3	427400
2141	226	慈利县	3	427200
2142	226	桑植县	3	427100
2143	227	资阳区	3	413001
2144	227	赫山区	3	413002
2145	227	南县	3	413200
2146	227	桃江县	3	413400
2147	227	安化县	3	413500
2148	227	沅江市	3	413100
2149	228	北湖区	3	423000
2150	228	苏仙区	3	423000
2151	228	桂阳县	3	424400
2152	228	宜章县	3	424200
2153	228	永兴县	3	423300
2154	228	嘉禾县	3	424500
2155	228	临武县	3	424300
2156	228	汝城县	3	424100
2157	228	桂东县	3	423500
2158	228	安仁县	3	423600
2159	228	资兴市	3	423400
2160	229	冷水滩区	3	425100
2161	229	祁阳县	3	426100
2162	229	东安县	3	425900
2163	229	双牌县	3	425200
2164	229	道县	3	425300
2165	229	江永县	3	425400
2166	229	宁远县	3	425600
2167	229	蓝山县	3	425800
2168	229	新田县	3	425700
2169	229	江华瑶族自治县	3	425500
2170	229	零陵区	3	425002
2171	230	鹤城区	3	418000
2172	230	中方县	3	418005
2173	230	沅陵县	3	419600
2174	230	辰溪县	3	419500
2175	230	溆浦县	3	419300
2176	230	会同县	3	418300
2177	230	麻阳苗族自治县	3	419400
2178	230	新晃侗族自治县	3	419200
2179	230	芷江侗族自治县	3	419100
2180	230	靖州苗族侗族自治县	3	418400
2181	230	通道侗族自治县	3	418500
2182	230	洪江市	3	418116
2183	231	娄星区	3	417000
2184	231	双峰县	3	417700
2185	231	新化县	3	417600
2186	231	冷水江市	3	417500
2187	231	涟源市	3	417100
2188	232	吉首市	3	416000
2189	232	泸溪县	3	416100
2190	232	凤凰县	3	416200
2191	232	花垣县	3	416400
2192	232	保靖县	3	416500
2193	232	古丈县	3	416300
2194	232	永顺县	3	416700
2195	232	龙山县	3	416800
2196	233	荔湾区	3	510145
2197	233	越秀区	3	510030
2198	233	海珠区	3	510220
2199	233	天河区	3	510630
2200	233	白云区	3	510080
2201	233	黄埔区	3	510700
2202	233	番禺区	3	511400
2203	233	花都区	3	510800
2204	233	增城市	3	511300
2205	233	从化市	3	510900
2206	233	南沙区	3	511400
2207	233	萝岗区	3	510100
2208	234	武江区	3	512026
2209	234	浈江区	3	512023
2210	234	曲江区	3	512100
2211	234	始兴县	3	512500
2212	234	仁化县	3	512300
2213	234	翁源县	3	512600
2214	234	乳源瑶族自治县	3	512700
2215	234	新丰县	3	511100
2216	234	乐昌市	3	512200
2217	234	南雄市	3	512400
2218	235	罗湖区	3	518001
2219	235	福田区	3	518033
2220	235	南山区	3	518052
2221	235	宝安区	3	518101
2222	235	龙岗区	3	518116
2223	235	盐田区	3	518083
2224	235	光明新区	3	518107
2225	235	坪山新区	3	518118
2226	236	香洲区	3	519000
2227	236	斗门区	3	519100
2228	236	金湾区	3	519090
2229	237	龙湖区	3	515041
2230	237	金平区	3	515041
2231	237	濠江区	3	515071
2232	237	潮阳区	3	515100
2233	237	潮南区	3	515144
2234	237	澄海区	3	515800
2235	237	南澳县	3	515900
2236	238	禅城区	3	528000
2237	238	南海区	3	528200
2238	238	顺德区	3	528300
2239	238	三水区	3	528100
2240	238	高明区	3	528500
2241	239	蓬江区	3	529051
2242	239	江海区	3	529000
2243	239	新会区	3	529100
2244	239	台山市	3	529211
2245	239	开平市	3	529312
2246	239	鹤山市	3	529711
2247	239	恩平市	3	529411
2248	240	赤坎区	3	524033
2249	240	霞山区	3	524002
2250	240	坡头区	3	524057
2251	240	麻章区	3	524003
2252	240	遂溪县	3	524300
2253	240	徐闻县	3	524100
2254	240	廉江市	3	524400
2255	240	雷州市	3	524200
2256	240	吴川市	3	524500
2257	240	开发区	3	524022
2258	241	茂南区	3	525011
2259	241	茂港区	3	525027
2260	241	电白县	3	525400
2261	241	高州市	3	525200
2262	241	化州市	3	525100
2263	241	信宜市	3	525300
2264	242	端州区	3	526040
2265	242	鼎湖区	3	526070
2266	242	广宁县	3	526300
2267	242	怀集县	3	526400
2268	242	封开县	3	526500
2269	242	德庆县	3	526600
2270	242	高要市	3	526100
2271	242	四会市	3	526200
2272	242	高新技术产业开发区	3	526238
2273	243	惠城区	3	516001
2274	243	惠阳区	3	516200
2275	243	博罗县	3	516100
2276	243	惠东县	3	516300
2277	243	龙门县	3	516800
2278	243	大亚湾区	3	516080
2279	243	仲恺高新区	3	516080
2280	244	梅江区	3	514000
2281	244	梅县	3	514733
2282	244	大埔县	3	514200
2283	244	丰顺县	3	514300
2284	244	五华县	3	514400
2285	244	平远县	3	514600
2286	244	蕉岭县	3	514100
2287	244	兴宁市	3	514500
2288	245	城区	3	516601
2289	245	陆丰市	3	516500
2290	245	海丰县	3	516400
2291	245	陆河县	3	516700
2292	246	源城区	3	517000
2293	246	紫金县	3	517400
2294	246	龙川县	3	517300
2295	246	连平县	3	517100
2296	246	和平县	3	517200
2297	246	东源县	3	517500
2298	247	江城区	3	529525
2299	247	阳西县	3	529800
2300	247	阳东县	3	529931
2301	247	阳春市	3	529611
2302	248	清城区	3	511500
2303	248	佛冈县	3	511600
2304	248	阳山县	3	513100
2305	248	连山壮族瑶族自治县	3	513200
2306	248	连南瑶族自治县	3	513300
2307	248	清新县	3	511800
2308	248	英德市	3	513000
2309	248	连州市	3	513401
2310	249	湘桥区	3	521000
2311	249	潮安县	3	515638
2312	249	饶平县	3	515700
2313	250	榕城区	3	522095
2314	250	揭东县	3	515554
2315	250	揭西县	3	515400
2316	250	惠来县	3	515200
2317	250	普宁市	3	515300
2318	250	东山区	3	522031
2319	250	普侨区	3	515339
2320	250	大南山侨区	3	515237
2321	251	云城区	3	527300
2322	251	新兴县	3	527400
2323	251	郁南县	3	527100
2324	251	云安县	3	527500
2325	251	罗定市	3	527200
2326	252	南城区	3	523000
2327	252	石龙镇	3	523021
2328	252	长安镇	3	523068
2329	252	虎门镇	3	523061
2330	252	横沥镇	3	523032
2331	252	寮步镇	3	523058
2332	252	黄江镇	3	523054
2333	252	清溪镇	3	523046
2334	252	莞城区	3	523000
2335	252	万江区	3	523050
2336	252	东城区	3	523000
2337	252	石碣镇	3	523024
2338	252	茶山镇	3	523029
2339	252	石排镇	3	523025
2340	252	企石镇	3	523027
2341	252	桥头镇	3	523038
2342	252	谢岗镇	3	523044
2343	252	东坑镇	3	523034
2344	252	常平镇	3	523036
2345	252	大朗镇	3	523056
2346	252	塘厦镇	3	523710
2347	252	凤岗镇	3	523048
2348	252	厚街镇	3	523071
2349	252	沙田镇	3	523073
2350	252	道滘镇	3	523170
2351	252	洪梅镇	3	523083
2352	252	麻涌镇	3	523078
2353	252	中堂镇	3	523075
2354	252	高埗镇	3	523270
2355	252	樟木头镇	3	523041
2356	252	大岭山镇	3	523074
2357	252	望牛墩镇	3	523077
2358	253	中山市	3	528403
2359	254	兴宁区	3	530012
2360	254	青秀区	3	530022
2361	254	江南区	3	530031
2362	254	西乡塘区	3	530001
2363	254	良庆区	3	530200
2364	254	邕宁区	3	530200
2365	254	武鸣县	3	530100
2366	254	隆安县	3	532700
2367	254	马山县	3	530600
2368	254	上林县	3	530500
2369	254	宾阳县	3	530400
2370	254	横县	3	530300
2371	255	城中区	3	545001
2372	255	鱼峰区	3	545005
2373	255	柳南区	3	545005
2374	255	柳北区	3	545001
2375	255	柳江县	3	545100
2376	255	柳城县	3	545200
2377	255	鹿寨县	3	545600
2378	255	融安县	3	545400
2379	255	融水苗族自治县	3	545300
2380	255	三江侗族自治县	3	545500
2381	256	秀峰区	3	541001
2382	256	叠彩区	3	541001
2383	256	象山区	3	541002
2384	256	七星区	3	541004
2385	256	雁山区	3	541006
2386	256	阳朔县	3	541900
2387	256	临桂县	3	541100
2388	256	灵川县	3	541200
2389	256	全州县	3	541500
2390	256	兴安县	3	541300
2391	256	永福县	3	541800
2392	256	灌阳县	3	541600
2393	256	龙胜各族自治县	3	541700
2394	256	资源县	3	541400
2395	256	平乐县	3	542400
2396	256	荔浦县	3	546600
2397	256	恭城瑶族自治县	3	542500
2398	257	万秀区	3	543000
2399	257	蝶山区	3	543002
2400	257	长洲区	3	543002
2401	257	苍梧县	3	543100
2402	257	藤县	3	543300
2403	257	蒙山县	3	546700
2404	257	岑溪市	3	543200
2405	258	海城区	3	536000
2406	258	银海区	3	536000
2407	258	铁山港区	3	536017
2408	258	合浦县	3	536100
2409	259	港口区	3	538001
2410	259	防城区	3	538021
2411	259	上思县	3	535500
2412	259	东兴市	3	538100
2413	260	钦南区	3	535000
2414	260	钦北区	3	535000
2415	260	灵山县	3	535400
2416	260	浦北县	3	535300
2417	260	钦州港经济开发区	3	535008
2418	261	港北区	3	537100
2419	261	港南区	3	537132
2420	261	覃塘区	3	537121
2421	261	平南县	3	537300
2422	261	桂平市	3	537200
2423	262	玉州区	3	537000
2424	262	容县	3	537500
2425	262	陆川县	3	537700
2426	262	博白县	3	537600
2427	262	兴业县	3	537800
2428	262	北流市	3	537400
2429	263	右江区	3	533000
2430	263	田阳县	3	533600
2431	263	田东县	3	531500
2432	263	平果县	3	531400
2433	263	德保县	3	533700
2434	263	靖西县	3	533800
2435	263	那坡县	3	533900
2436	263	凌云县	3	533100
2437	263	乐业县	3	533200
2438	263	田林县	3	533300
2439	263	西林县	3	533500
2440	263	隆林各族自治县	3	533400
2441	264	八步区	3	542800
2442	264	昭平县	3	546800
2443	264	钟山县	3	542600
2444	264	富川瑶族自治县	3	542700
2445	265	金城江区	3	547000
2446	265	南丹县	3	547200
2447	265	天峨县	3	547300
2448	265	凤山县	3	547600
2449	265	东兰县	3	547400
2450	265	罗城仫佬族自治县	3	546400
2451	265	环江毛南族自治县	3	547100
2452	265	巴马瑶族自治县	3	547500
2453	265	都安瑶族自治县	3	530700
2454	265	大化瑶族自治县	3	530800
2455	265	宜州市	3	546300
2456	266	兴宾区	3	546100
2457	266	忻城县	3	546200
2458	266	象州县	3	545800
2459	266	武宣县	3	545900
2460	266	金秀瑶族自治县	3	545700
2461	266	合山市	3	546500
2462	267	江洲区	3	532200
2463	267	扶绥县	3	532100
2464	267	宁明县	3	532500
2465	267	龙州县	3	532400
2466	267	大新县	3	532300
2467	267	天等县	3	532800
2468	267	凭祥市	3	532600
2470	268	秀英区	3	570311
2471	268	龙华区	3	570105
2472	268	琼山区	3	571100
2473	268	美兰区	3	570203
2474	269	五指山市	3	572200
2475	269	琼海市	3	571400
2476	269	儋州市	3	571700
2477	269	文昌市	3	571300
2478	269	万宁市	3	571500
2479	269	东方市	3	572600
2480	269	定安县	3	571200
2481	269	屯昌县	3	571600
2482	269	澄迈县	3	571900
2483	269	临高县	3	571800
2484	269	白沙黎族自治县	3	572800
2485	269	昌江黎族自治县	3	572700
2486	269	乐东黎族自治县	3	572500
2487	269	陵水黎族自治县	3	572400
2488	269	保亭黎族苗族自治县	3	572300
2489	269	琼中黎族苗族自治县	3	572900
2490	269	西、南、中沙群岛办事处	3	573100
2491	270	河西区	3	572000
2492	270	河东区	3	572000
2493	270	田独镇	3	572011
2494	270	凤凰镇	3	572023
2495	270	三亚市	3	572000
2496	270	崖城镇	3	572025
2497	270	天涯镇	3	572029
2498	270	育才乡	3	572032
2499	270	海棠湾镇	3	572014
2500	271	万州区	3	404100
2501	271	涪陵区	3	408000
2502	271	渝中区	3	400010
2503	271	大渡口区	3	400080
2504	271	江北区	3	400020
2505	271	沙坪坝区	3	400030
2506	271	九龙坡区	3	400050
2507	271	南岸区	3	400064
2508	271	北碚区	3	400700
2509	271	万盛区	3	400800
2510	271	双桥区	3	400900
2511	271	渝北区	3	401120
2512	271	巴南区	3	401320
2513	271	黔江区	3	409700
2514	271	长寿区	3	401220
2515	271	綦江县	3	401420
2516	271	潼南县	3	402660
2517	271	铜梁县	3	402560
2518	271	大足县	3	402360
2519	271	荣昌县	3	402460
2520	271	璧山县	3	402760
2521	271	梁平县	3	405200
2522	271	城口县	3	405900
2523	271	丰都县	3	408200
2524	271	垫江县	3	408300
2525	271	武隆县	3	408500
2526	271	忠县	3	404300
2527	271	开县	3	405400
2528	271	云阳县	3	404500
2529	271	奉节县	3	404600
2530	271	巫山县	3	404700
2531	271	巫溪县	3	405800
2532	271	石柱土家族自治县	3	409100
2533	271	秀山土家族苗族自治县	3	409900
2534	271	酉阳土家族苗族自治县	3	409800
2535	271	彭水苗族土家族自治县	3	409600
2536	271	高新区	3	400039
2537	271	江津区	3	402260
2538	271	合川区	3	401520
2539	271	永川区	3	402160
2540	271	南川区	3	408400
2541	272	锦江区	3	610021
2542	272	青羊区	3	610031
2543	272	金牛区	3	610036
2544	272	武侯区	3	610041
2545	272	成华区	3	610066
2546	272	龙泉驿区	3	610100
2547	272	青白江区	3	610300
2548	272	新都区	3	610500
2549	272	温江区	3	611130
2550	272	金堂县	3	610400
2551	272	双流县	3	610200
2552	272	郫县	3	611700
2553	272	大邑县	3	611300
2554	272	蒲江县	3	611630
2555	272	新津县	3	611430
2556	272	都江堰市	3	611830
2557	272	彭州市	3	611930
2558	272	邛崃市	3	611530
2559	272	崇州市	3	611230
2560	272	高新区	3	610041
2561	272	高新西区	3	611731
2562	273	自流井区	3	643000
2563	273	贡井区	3	643020
2564	273	大安区	3	643010
2565	273	沿滩区	3	643030
2566	273	荣县	3	643100
2567	273	富顺县	3	643200
2568	274	东区	3	617067
2569	274	西区	3	617068
2570	274	仁和区	3	617061
2571	274	米易县	3	617200
2572	274	盐边县	3	617100
2573	275	江阳区	3	646000
2574	275	纳溪区	3	646300
2575	275	龙马潭区	3	646000
2576	275	泸县	3	646106
2577	275	合江县	3	646200
2578	275	叙永县	3	646400
2579	275	古蔺县	3	646500
2580	276	旌阳区	3	618000
2581	276	中江县	3	618100
2582	276	罗江县	3	618500
2583	276	广汉市	3	618300
2584	276	什邡市	3	618400
2585	276	绵竹市	3	618200
2586	277	涪城区	3	621000
2587	277	游仙区	3	621022
2588	277	三台县	3	621100
2589	277	盐亭县	3	621600
2590	277	安县	3	622650
2591	277	梓潼县	3	622150
2592	277	北川羌族自治县	3	622750
2593	277	平武县	3	622550
2594	277	江油市	3	621700
2595	277	农科区	3	621023
2596	277	经济技术开发区	3	621000
2597	277	高新区	3	621000
2598	277	仙海区	3	621007
2599	278	利州区	3	628017
2600	278	元坝区	3	628017
2601	278	朝天区	3	628017
2602	278	旺苍县	3	628200
2603	278	青川县	3	628100
2604	278	剑阁县	3	628300
2605	278	苍溪县	3	628400
2606	279	船山区	3	629000
2607	279	安居区	3	629000
2608	279	蓬溪县	3	629100
2609	279	射洪县	3	629200
2610	279	大英县	3	629300
2611	280	市中区	3	641000
2612	280	东兴区	3	641100
2613	280	威远县	3	642450
2614	280	资中县	3	641200
2615	280	隆昌县	3	642150
2616	281	市中区	3	614000
2617	281	沙湾区	3	614900
2618	281	五通桥区	3	614800
2619	281	金口河区	3	614700
2620	281	犍为县	3	614400
2621	281	井研县	3	613100
2622	281	夹江县	3	614100
2623	281	沐川县	3	614500
2624	281	峨边彝族自治县	3	614300
2625	281	马边彝族自治县	3	614600
2626	281	峨眉山市	3	614200
2627	282	顺庆区	3	637000
2628	282	高坪区	3	637100
2629	282	嘉陵区	3	637100
2630	282	南部县	3	637300
2631	282	营山县	3	637700
2632	282	蓬安县	3	637800
2633	282	仪陇县	3	637600
2634	282	西充县	3	637200
2635	282	阆中市	3	637400
2636	283	东坡区	3	620010
2637	283	仁寿县	3	620500
2638	283	彭山县	3	620860
2639	283	洪雅县	3	620360
2640	283	丹棱县	3	620200
2641	283	青神县	3	620460
2642	284	翠屏区	3	644000
2643	284	宜宾县	3	644600
2644	284	南溪县	3	644100
2645	284	江安县	3	644200
2646	284	长宁县	3	644300
2647	284	高县	3	645150
2648	284	珙县	3	644500
2649	284	筠连县	3	645250
2650	284	兴文县	3	644400
2651	284	屏山县	3	645350
2652	285	广安区	3	638000
2653	285	岳池县	3	638300
2654	285	武胜县	3	638400
2655	285	邻水县	3	638500
2656	285	华蓥市	3	638600
2657	286	通川区	3	635000
2658	286	达县	3	635000
2659	286	宣汉县	3	636150
2660	286	开江县	3	636250
2661	286	大竹县	3	635100
2662	286	渠县	3	635200
2663	286	万源市	3	636350
2664	287	雨城区	3	625000
2665	287	名山县	3	625100
2666	287	荥经县	3	625200
2667	287	汉源县	3	625300
2668	287	石棉县	3	625400
2669	287	天全县	3	625500
2670	287	芦山县	3	625600
2671	287	宝兴县	3	625700
2672	288	巴州区	3	636001
2673	288	通江县	3	636700
2674	288	南江县	3	636600
2675	288	平昌县	3	636400
2676	289	雁江区	3	641300
2677	289	安岳县	3	642350
2678	289	乐至县	3	641500
2679	289	简阳市	3	641400
2680	290	汶川县	3	623000
2681	290	理县	3	623100
2682	290	茂县	3	623200
2683	290	松潘县	3	623300
2684	290	九寨沟县	3	623400
2685	290	金川县	3	624100
2686	290	小金县	3	624200
2687	290	黑水县	3	623500
2688	290	马尔康县	3	624000
2689	290	壤塘县	3	624300
2690	290	阿坝县	3	624600
2691	290	若尔盖县	3	624500
2692	290	红原县	3	624400
2693	291	康定县	3	626000
2694	291	泸定县	3	626100
2695	291	丹巴县	3	626300
2696	291	九龙县	3	626200
2697	291	雅江县	3	627450
2698	291	道孚县	3	626400
2699	291	炉霍县	3	626500
2700	291	甘孜县	3	626700
2701	291	新龙县	3	626800
2702	291	德格县	3	627250
2703	291	白玉县	3	200000
2704	291	石渠县	3	200000
2705	291	色达县	3	201100
2706	291	理塘县	3	200000
2707	291	巴塘县	3	200120
2708	291	乡城县	3	200000
2709	291	稻城县	3	200000
2710	291	得荣县	3	200000
2711	292	西昌市	3	200000
2712	292	木里藏族自治县	3	200000
2713	292	盐源县	3	200000
2714	292	德昌县	3	201300
2715	292	会理县	3	201600
2716	292	会东县	3	201800
2717	292	宁南县	3	201900
2718	292	普格县	3	201700
2719	292	布拖县	3	201500
2720	292	金阳县	3	201400
2721	292	昭觉县	3	202150
2722	292	喜德县	3	616750
2723	292	冕宁县	3	615600
2724	292	越西县	3	616650
2725	292	甘洛县	3	616850
2726	292	美姑县	3	616450
2727	292	雷波县	3	616550
2728	293	南明区	3	550001
2729	293	云岩区	3	550001
2730	293	花溪区	3	550025
2731	293	乌当区	3	550018
2732	293	白云区	3	550014
2733	293	小河区	3	550009
2734	293	开阳县	3	550300
2735	293	息烽县	3	551100
2736	293	修文县	3	550200
2737	293	清镇市	3	551400
2738	293	金阳新区	3	550081
2739	294	钟山区	3	553000
2740	294	六枝特区	3	553400
2741	294	水城县	3	553000
2742	294	盘县	3	561601
2743	295	红花岗区	3	563000
2744	295	汇川区	3	563000
2745	295	遵义县	3	563100
2746	295	桐梓县	3	563200
2747	295	绥阳县	3	563300
2748	295	正安县	3	563400
2749	295	道真仡佬族苗族自治县	3	563500
2750	295	务川仡佬族苗族自治县	3	564300
2751	295	凤冈县	3	564200
2752	295	湄潭县	3	564100
2753	295	余庆县	3	564400
2754	295	习水县	3	564600
2755	295	赤水市	3	564700
2756	295	仁怀市	3	564500
2757	296	西秀区	3	561000
2758	296	平坝县	3	561100
2759	296	普定县	3	562100
2760	296	镇宁布依族苗族自治县	3	561200
2761	296	关岭布依族苗族自治县	3	561300
2762	296	紫云苗族布依族自治县	3	550800
2763	297	铜仁市	3	554300
2764	297	江口县	3	554400
2765	297	玉屏侗族自治县	3	554004
2766	297	石阡县	3	555100
2767	297	思南县	3	565100
2768	297	印江土家族苗族自治县	3	555200
2769	297	德江县	3	565200
2770	297	沿河土家族自治县	3	565300
2771	297	松桃苗族自治县	3	554100
2772	297	万山特区	3	554200
2773	298	兴义市	3	562400
2774	298	兴仁县	3	562300
2775	298	普安县	3	561500
2776	298	晴隆县	3	561400
2777	298	贞丰县	3	562200
2778	298	望谟县	3	552300
2779	298	册亨县	3	552200
2780	298	安龙县	3	552400
2781	299	毕节市	3	551700
2782	299	大方县	3	551600
2783	299	黔西县	3	551500
2784	299	金沙县	3	551800
2785	299	织金县	3	552100
2786	299	纳雍县	3	553300
2787	299	威宁彝族回族苗族自治县	3	553100
2788	299	赫章县	3	553200
2789	300	凯里市	3	556000
2790	300	黄平县	3	556100
2791	300	施秉县	3	556200
2792	300	三穗县	3	556500
2793	300	镇远县	3	557700
2794	300	岑巩县	3	557800
2795	300	天柱县	3	556600
2796	300	锦屏县	3	556700
2797	300	剑河县	3	556400
2798	300	台江县	3	556300
2799	300	黎平县	3	557300
2800	300	榕江县	3	557200
2801	300	从江县	3	557400
2802	300	雷山县	3	557100
2803	300	麻江县	3	557600
2804	300	丹寨县	3	557500
2805	301	都匀市	3	558000
2806	301	福泉市	3	550500
2807	301	荔波县	3	558400
2808	301	贵定县	3	551300
2809	301	瓮安县	3	550400
2810	301	独山县	3	558200
2811	301	平塘县	3	558300
2812	301	罗甸县	3	550100
2813	301	长顺县	3	550700
2814	301	龙里县	3	551200
2815	301	惠水县	3	550600
2816	301	三都水族自治县	3	558100
2817	302	五华区	3	650032
2818	302	盘龙区	3	650051
2819	302	官渡区	3	650220
2820	302	西山区	3	650100
2821	302	东川区	3	654100
2822	302	呈贡县	3	650500
2823	302	晋宁县	3	650600
2824	302	富民县	3	650400
2825	302	宜良县	3	652100
2826	302	石林彝族自治县	3	652200
2827	302	嵩明县	3	651700
2828	302	禄劝彝族苗族自治县	3	651500
2829	302	寻甸回族彝族自治县	3	655200
2830	302	安宁市	3	650300
2831	303	麒麟区	3	655000
2832	303	马龙县	3	655100
2833	303	陆良县	3	655600
2834	303	师宗县	3	655700
2835	303	罗平县	3	655800
2836	303	富源县	3	655500
2837	303	会泽县	3	654200
2838	303	沾益县	3	655331
2839	303	宣威市	3	655400
2840	304	红塔区	3	653100
2841	304	江川县	3	652600
2842	304	澄江县	3	652500
2843	304	通海县	3	652700
2844	304	华宁县	3	652800
2845	304	易门县	3	651100
2846	304	峨山彝族自治县	3	653200
2847	304	新平彝族傣族自治县	3	653400
2848	304	元江哈尼族彝族傣族自治县	3	653300
2849	305	隆阳区	3	678000
2850	305	施甸县	3	678200
2851	305	腾冲县	3	679100
2852	305	龙陵县	3	678300
2853	305	昌宁县	3	678100
2854	306	昭阳区	3	657000
2855	306	鲁甸县	3	657100
2856	306	巧家县	3	654600
2857	306	盐津县	3	657500
2858	306	大关县	3	657400
2859	306	永善县	3	657300
2860	306	绥江县	3	657700
2861	306	镇雄县	3	657200
2862	306	彝良县	3	657600
2863	306	威信县	3	657900
2864	306	水富县	3	657800
2865	307	古城区	3	674100
2866	307	玉龙纳西族自治县	3	674100
2867	307	永胜县	3	674200
2868	307	华坪县	3	674800
2869	307	宁蒗彝族自治县	3	674300
2870	308	思茅区	3	665000
2871	308	宁洱哈尼族彝族自治县	3	665100
2872	308	墨江哈尼族自治县	3	654800
2873	308	景东彝族自治县	3	676200
2874	308	景谷傣族彝族自治县	3	666400
2875	308	镇沅彝族哈尼族拉祜族自治县	3	666500
2876	308	江城哈尼族彝族自治县	3	665900
2877	308	孟连傣族拉祜族佤族自治县	3	665800
2878	308	澜沧拉祜族自治县	3	665600
2879	308	西盟佤族自治县	3	665700
2880	309	临翔区	3	677000
2881	309	凤庆县	3	675900
2882	309	云县	3	675800
2883	309	永德县	3	677600
2884	309	镇康县	3	677704
2885	309	双江拉祜族佤族布朗族傣族自治县	3	677300
2886	309	耿马傣族佤族自治县	3	677500
2887	309	沧源佤族自治县	3	677400
2888	310	楚雄市	3	675000
2889	310	双柏县	3	675100
2890	310	牟定县	3	675500
2891	310	南华县	3	675200
2892	310	姚安县	3	675300
2893	310	大姚县	3	675400
2894	310	永仁县	3	651400
2895	310	元谋县	3	651300
2896	310	武定县	3	651600
2897	310	禄丰县	3	651200
2898	311	个旧市	3	661000
2899	311	开远市	3	661600
2900	311	蒙自县	3	661100
2901	311	屏边苗族自治县	3	661200
2902	311	建水县	3	654300
2903	311	石屏县	3	662200
2904	311	弥勒县	3	652300
2905	311	泸西县	3	652400
2906	311	元阳县	3	662400
2907	311	红河县	3	654400
2908	311	金平苗族瑶族傣族自治县	3	661500
2909	311	绿春县	3	662500
2910	311	河口瑶族自治县	3	661300
2911	312	文山县	3	663000
2912	312	砚山县	3	663100
2913	312	西畴县	3	663500
2914	312	麻栗坡县	3	663600
2915	312	马关县	3	663700
2916	312	丘北县	3	663200
2917	312	广南县	3	663300
2918	312	富宁县	3	663400
2919	313	景洪市	3	666100
2920	313	勐海县	3	666200
2921	313	勐腊县	3	666300
2922	314	大理市	3	671000
2923	314	漾濞彝族自治县	3	672500
2924	314	祥云县	3	672100
2925	314	宾川县	3	671600
2926	314	弥渡县	3	675600
2927	314	南涧彝族自治县	3	675700
2928	314	巍山彝族回族自治县	3	672400
2929	314	永平县	3	672600
2930	314	云龙县	3	672700
2931	314	洱源县	3	671200
2932	314	剑川县	3	671300
2933	314	鹤庆县	3	671500
2934	315	瑞丽市	3	678600
2935	315	潞西市	3	678400
2936	315	梁河县	3	679200
2937	315	盈江县	3	679300
2938	315	陇川县	3	678700
2939	316	泸水县	3	673100
2940	316	福贡县	3	673400
2941	316	贡山独龙族怒族自治县	3	673500
2942	316	兰坪白族普米族自治县	3	671400
2943	317	香格里拉县	3	674400
2944	317	德钦县	3	674500
2945	317	维西傈僳族自治县	3	674600
2946	318	城关区	3	850000
2947	318	林周县	3	852000
2948	318	当雄县	3	851500
2949	318	尼木县	3	851300
2950	318	曲水县	3	850600
2951	318	堆龙德庆县	3	851400
2952	318	达孜县	3	850100
2953	318	墨竹工卡县	3	850200
2954	319	昌都县	3	854000
2955	319	江达县	3	854100
2956	319	贡觉县	3	854200
2957	319	类乌齐县	3	855600
2958	319	丁青县	3	855700
2959	319	察雅县	3	854300
2960	319	八宿县	3	854600
2961	319	左贡县	3	854400
2962	319	芒康县	3	854500
2963	319	洛隆县	3	855400
2964	319	边坝县	3	855500
2965	320	乃东县	3	856100
2966	320	扎囊县	3	850800
2967	320	贡嘎县	3	850700
2968	320	桑日县	3	856200
2969	320	琼结县	3	856800
2970	320	曲松县	3	856300
2971	320	措美县	3	856900
2972	320	洛扎县	3	851200
2973	320	加查县	3	856400
2974	320	隆子县	3	856600
2975	320	错那县	3	856700
2976	320	浪卡子县	3	851000
2977	321	日喀则市	3	857000
2978	321	南木林县	3	857100
2979	321	江孜县	3	857400
2980	321	定日县	3	858200
2981	321	萨迦县	3	857800
2982	321	拉孜县	3	858100
2983	321	昂仁县	3	858500
2984	321	谢通门县	3	858900
2985	321	白朗县	3	857300
2986	321	仁布县	3	857200
2987	321	康马县	3	857500
2988	321	定结县	3	857900
2989	321	仲巴县	3	858800
2990	321	亚东县	3	857600
2991	321	吉隆县	3	858700
2992	321	聂拉木县	3	858300
2993	321	萨嘎县	3	857800
2994	321	岗巴县	3	857700
2995	322	那曲县	3	852000
2996	322	嘉黎县	3	852400
2997	322	比如县	3	852300
2998	322	聂荣县	3	853500
2999	322	安多县	3	852600
3000	322	申扎县	3	853100
3001	322	索县	3	852200
3002	322	班戈县	3	852500
3003	322	巴青县	3	852100
3004	322	尼玛县	3	853200
3005	323	普兰县	3	859500
3006	323	札达县	3	859600
3007	323	噶尔县	3	859400
3008	323	日土县	3	859700
3009	323	革吉县	3	859100
3010	323	改则县	3	859200
3011	323	措勤县	3	859300
3012	324	林芝县	3	850400
3013	324	工布江达县	3	850300
3014	324	米林县	3	860500
3015	324	墨脱县	3	855300
3016	324	波密县	3	855200
3017	324	察隅县	3	855100
3018	324	朗县	3	856500
3019	325	新城区	3	710004
3020	325	碑林区	3	710001
3021	325	莲湖区	3	710003
3022	325	灞桥区	3	710038
3023	325	未央区	3	710014
3024	325	雁塔区	3	710061
3025	325	阎良区	3	710087
3026	325	临潼区	3	710600
3027	325	长安区	3	710100
3028	325	蓝田县	3	710500
3029	325	周至县	3	710400
3030	325	户县	3	710300
3031	325	高陵县	3	710200
3032	325	高新区	3	710075
3033	326	王益区	3	727000
3034	326	印台区	3	727007
3035	326	耀州区	3	727100
3036	326	宜君县	3	727200
3037	326	新区	3	727100
3038	327	渭滨区	3	721000
3039	327	金台区	3	721000
3040	327	陈仓区	3	721300
3041	327	凤翔县	3	721400
3042	327	岐山县	3	722400
3043	327	扶风县	3	722200
3044	327	眉县	3	722300
3045	327	陇县	3	721200
3046	327	千阳县	3	721100
3047	327	麟游县	3	721500
3048	327	凤县	3	721700
3049	327	太白县	3	721600
3050	328	秦都区	3	712000
3051	328	渭城区	3	712000
3052	328	杨陵区	3	712100
3053	328	三原县	3	713800
3054	328	泾阳县	3	713700
3055	328	兴平市	3	713100
3056	328	乾县	3	713300
3057	328	礼泉县	3	713200
3058	328	永寿县	3	713400
3059	328	彬县	3	713500
3060	328	长武县	3	713600
3061	328	旬邑县	3	711300
3062	328	淳化县	3	711200
3063	328	武功县	3	712200
3064	329	临渭区	3	714000
3065	329	华县	3	714100
3066	329	潼关县	3	714300
3067	329	大荔县	3	715100
3068	329	合阳县	3	715300
3069	329	澄城县	3	715200
3070	329	蒲城县	3	715500
3071	329	白水县	3	715600
3072	329	富平县	3	711700
3073	329	韩城市	3	715400
3074	329	华阴市	3	714200
3075	330	宝塔区	3	716000
3076	330	延长县	3	717100
3077	330	延川县	3	717200
3078	330	子长县	3	717300
3079	330	安塞县	3	717400
3080	330	志丹县	3	717500
3081	330	吴旗县	3	717600
3082	330	甘泉县	3	716100
3083	330	富县	3	727500
3084	330	洛川县	3	727400
3085	330	宜川县	3	716200
3086	330	黄龙县	3	715700
3087	330	黄陵县	3	727300
3088	331	汉台区	3	723000
3089	331	南郑县	3	723100
3090	331	城固县	3	723200
3091	331	洋县	3	723300
3092	331	西乡县	3	723500
3093	331	勉县	3	724200
3094	331	宁强县	3	724400
3095	331	略阳县	3	724300
3096	331	镇巴县	3	723600
3097	331	留坝县	3	724100
3098	331	佛坪县	3	723400
3099	331	经济开发区	3	723000
3100	332	榆阳区	3	719000
3101	332	神木县	3	719300
3102	332	府谷县	3	719400
3103	332	横山县	3	719100
3104	332	靖边县	3	718500
3105	332	定边县	3	718600
3106	332	绥德县	3	718000
3107	332	米脂县	3	718100
3108	332	佳县	3	719200
3109	332	吴堡县	3	718200
3110	332	清涧县	3	718300
3111	332	子洲县	3	718400
3112	333	汉滨区	3	725000
3113	333	汉阴县	3	725100
3114	333	石泉县	3	725200
3115	333	宁陕县	3	711600
3116	333	紫阳县	3	725300
3117	333	岚皋县	3	725400
3118	333	平利县	3	725500
3119	333	镇坪县	3	725600
3120	333	旬阳县	3	725700
3121	333	白河县	3	725800
3122	334	商州区	3	726000
3123	334	洛南县	3	726100
3124	334	丹凤县	3	726200
3125	334	商南县	3	726300
3126	334	山阳县	3	726400
3127	334	镇安县	3	711500
3128	334	柞水县	3	674100
3129	335	城关区	3	674100
3130	335	七里河区	3	674100
3131	335	西固区	3	674100
3132	335	安宁区	3	674100
3133	335	红古区	3	678000
3134	335	永登县	3	678000
3135	335	皋兰县	3	678000
3136	335	榆中县	3	678000
3137	336	嘉峪关市	3	678000
3138	337	金川区	3	737103
3139	337	永昌县	3	737200
3140	338	白银区	3	730900
3141	338	平川区	3	730913
3142	338	靖远县	3	730600
3143	338	会宁县	3	730700
3144	338	景泰县	3	730400
3145	339	秦州区	3	741000
3146	339	麦积区	3	741020
3147	339	清水县	3	741400
3148	339	秦安县	3	671000
3149	339	甘谷县	3	671000
3150	339	武山县	3	671000
3151	339	张家川回族自治县	3	671000
3152	340	凉州区	3	671000
3153	340	民勤县	3	671000
3154	340	古浪县	3	671000
3155	340	天祝藏族自治县	3	671000
3156	341	甘州区	3	671000
3157	341	肃南裕固族自治县	3	671000
3158	341	民乐县	3	671000
3159	341	临泽县	3	671000
3160	341	高台县	3	734300
3161	341	山丹县	3	734100
3162	342	崆峒区	3	678400
3163	342	泾川县	3	744300
3164	342	灵台县	3	744400
3165	342	崇信县	3	744200
3166	342	华亭县	3	744100
3167	342	庄浪县	3	744600
3168	342	静宁县	3	743400
3169	343	肃州区	3	735000
3170	343	金塔县	3	735300
3171	343	安西县	3	736100
3172	343	肃北蒙古族自治县	3	736300
3173	343	阿克塞哈萨克族自治县	3	736400
3174	343	玉门市	3	735200
3175	343	敦煌市	3	736200
3176	344	西峰区	3	745000
3177	344	庆城县	3	745100
3178	344	环县	3	745700
3179	344	华池县	3	745600
3180	344	合水县	3	745400
3181	344	正宁县	3	677000
3182	344	宁县	3	677000
3183	344	镇原县	3	677000
3184	345	安定区	3	677000
3185	345	通渭县	3	677000
3186	345	陇西县	3	677000
3187	345	渭源县	3	677000
3188	345	临洮县	3	677000
3189	345	漳县	3	748300
3190	345	岷县	3	748400
3191	346	武都区	3	746000
3192	346	成县	3	742500
3193	346	文县	3	746400
3194	346	宕昌县	3	748500
3195	346	康县	3	746500
3196	346	西和县	3	742100
3197	346	礼县	3	742200
3198	346	徽县	3	742300
3199	346	两当县	3	742400
3200	347	临夏市	3	731100
3201	347	临夏县	3	731800
3202	347	康乐县	3	731500
3203	347	永靖县	3	731600
3204	347	广河县	3	731300
3205	347	和政县	3	731200
3206	347	东乡族自治县	3	731400
3207	347	积石山保安族东乡族撒拉族自治县	3	731700
3208	348	合作市	3	747000
3209	348	临潭县	3	747500
3210	348	卓尼县	3	747600
3211	348	舟曲县	3	746300
3212	348	迭部县	3	747400
3213	348	玛曲县	3	747300
3214	348	碌曲县	3	747200
3215	348	夏河县	3	747100
3216	349	城东区	3	810000
3217	349	城中区	3	810000
3218	349	城西区	3	810000
3219	349	城北区	3	810000
3220	349	大通回族土族自治县	3	810100
3221	349	湟中县	3	811600
3222	349	湟源县	3	812100
3223	350	平安县	3	810600
3224	350	民和回族土族自治县	3	810800
3225	350	乐都县	3	810700
3226	350	互助土族自治县	3	810500
3227	350	化隆回族自治县	3	810900
3228	350	循化撒拉族自治县	3	811100
3229	351	门源回族自治县	3	810300
3230	351	祁连县	3	810400
3231	351	海晏县	3	812200
3232	351	刚察县	3	812300
3233	352	同仁县	3	811300
3234	352	尖扎县	3	811200
3235	352	泽库县	3	811400
3236	352	河南蒙古族自治县	3	811500
3237	353	共和县	3	813000
3238	353	同德县	3	813200
3239	353	贵德县	3	811700
3240	353	兴海县	3	813300
3241	353	贵南县	3	813100
3242	354	玛沁县	3	814000
3243	354	班玛县	3	814300
3244	354	甘德县	3	814100
3245	354	达日县	3	814200
3246	354	久治县	3	624700
3247	354	玛多县	3	813500
3248	355	玉树县	3	815000
3249	355	杂多县	3	815300
3250	355	称多县	3	815100
3251	355	治多县	3	815400
3252	355	囊谦县	3	815200
3253	355	曲麻莱县	3	815500
3254	356	格尔木市	3	816000
3255	356	德令哈市	3	817000
3256	356	乌兰县	3	817100
3257	356	都兰县	3	816100
3258	356	天峻县	3	817200
3259	356	大柴旦行委	3	817300
3260	357	兴庆区	3	750001
3261	357	西夏区	3	750021
3262	357	金凤区	3	750011
3263	357	永宁县	3	750100
3264	357	贺兰县	3	750200
3265	357	灵武市	3	750004
3266	358	大武口区	3	753000
3267	358	惠农区	3	753600
3268	358	平罗县	3	753400
3269	359	利通区	3	751100
3270	359	盐池县	3	751500
3271	359	同心县	3	751300
3272	359	青铜峡市	3	751600
3273	360	原州区	3	756000
3274	360	西吉县	3	756200
3275	360	隆德县	3	756300
3276	360	泾源县	3	756400
3277	360	彭阳县	3	756500
3278	361	沙坡头区	3	755000
3279	361	中宁县	3	755100
3280	361	海原县	3	755200
3281	362	天山区	3	830000
3282	362	沙依巴克区	3	830002
3283	362	新市区	3	830011
3284	362	水磨沟区	3	830017
3285	362	头屯河区	3	830022
3286	362	达坂城区	3	830039
3287	362	米东区	3	830019
3288	362	乌鲁木齐县	3	830063
3289	363	独山子区	3	834021
3290	363	克拉玛依区	3	834000
3291	363	白碱滩区	3	834008
3292	363	乌尔禾区	3	834012
3293	364	吐鲁番市	3	838000
3294	364	鄯善县	3	838200
3295	364	托克逊县	3	838100
3296	365	哈密市	3	839000
3297	365	巴里坤哈萨克自治县	3	839200
3298	365	伊吾县	3	839300
3299	366	昌吉市	3	831100
3300	366	阜康市	3	831500
3301	366	米泉市	3	831400
3302	366	呼图壁县	3	831200
3303	366	玛纳斯县	3	832200
3304	366	奇台县	3	831800
3305	366	吉木萨尔县	3	831700
3306	366	木垒哈萨克自治县	3	831900
3307	367	博乐市	3	833400
3308	367	精河县	3	833300
3309	367	温泉县	3	833500
3310	368	库尔勒市	3	841000
3311	368	轮台县	3	841600
3312	368	尉犁县	3	841500
3313	368	若羌县	3	841800
3314	368	且末县	3	841900
3315	368	焉耆回族自治县	3	841100
3316	368	和静县	3	841300
3317	368	和硕县	3	841200
3318	368	博湖县	3	841400
3319	369	阿克苏市	3	843000
3320	369	温宿县	3	843100
3321	369	库车县	3	842000
3322	369	沙雅县	3	842200
3323	369	新和县	3	842100
3324	369	拜城县	3	842300
3325	369	乌什县	3	843400
3326	369	阿瓦提县	3	843200
3327	369	柯坪县	3	843600
3328	370	阿图什市	3	845350
3329	370	阿克陶县	3	845550
3330	370	阿合奇县	3	843500
3331	370	乌恰县	3	845450
3332	371	喀什市	3	844000
3333	371	疏附县	3	844100
3334	371	疏勒县	3	844200
3335	371	英吉沙县	3	844500
3336	371	泽普县	3	844800
3337	371	莎车县	3	844700
3338	371	叶城县	3	844900
3339	371	麦盖提县	3	844600
3340	371	岳普湖县	3	844400
3341	371	伽师县	3	844300
3342	371	巴楚县	3	843800
3343	371	塔什库尔干塔吉克自治县	3	845250
3344	372	和田市	3	848000
3345	372	和田县	3	848000
3346	372	墨玉县	3	848100
3347	372	皮山县	3	845150
3348	372	洛浦县	3	848200
3349	372	策勒县	3	848300
3350	372	于田县	3	848400
3351	372	民丰县	3	848500
3352	373	伊宁市	3	835000
3353	373	奎屯市	3	833200
3354	373	伊宁县	3	835100
3355	373	察布查尔锡伯自治县	3	835300
3356	373	霍城县	3	835200
3357	373	巩留县	3	835400
3358	373	新源县	3	835800
3359	373	昭苏县	3	835600
3360	373	特克斯县	3	835500
3361	373	尼勒克县	3	835700
3362	374	塔城市	3	834700
3363	374	乌苏市	3	833300
3364	374	额敏县	3	834600
3365	374	沙湾县	3	832100
3366	374	托里县	3	834500
3367	374	裕民县	3	834800
3368	374	和布克赛尔蒙古自治县	3	834400
3369	375	阿勒泰市	3	836500
3370	375	布尔津县	3	836600
3371	375	富蕴县	3	836100
3372	375	福海县	3	836400
3373	375	哈巴河县	3	836700
3374	375	青河县	3	836200
3375	375	吉木乃县	3	836800
3376	376	石河子市	3	832000
3377	376	阿拉尔市	3	843300
3378	376	图木舒克市	3	843806
3379	376	五家渠市	3	831300
3380	162	共青城市	3	332020
3381	359	红寺堡区	3	751900
3382	123	国家高新区	3	315040
